   0.0000000000000000     
   2000.0000000000000     
   4000.0000000000000     
   6000.0000000000000     
   8000.0000000000000     
   10000.000000000000     
   12000.000000000000     
   14000.000000000000     
   16000.000000000000     
   18000.000000000000     
   20000.000000000000     
   22000.000000000000     
   24000.000000000000     
   26000.000000000000     
   28000.000000000000     
   30000.000000000000     
   32000.000000000000     
   34000.000000000000     
   36000.000000000000     
   38000.000000000000     
   40000.000000000000     
   42000.000000000000     
   44000.000000000000     
   46000.000000000000     
   48000.000000000000     
   50000.000000000000     
   52000.000000000000     
   54000.000000000000     
   56000.000000000000     
   58000.000000000000     
   60000.000000000000     
   62000.000000000000     
   64000.000000000000     
   66000.000000000000     
   68000.000000000000     
   70000.000000000000     
   72000.000000000000     
   74000.000000000000     
   76000.000000000000     
   78000.000000000000     
   80000.000000000000     
   82000.000000000000     
   84000.000000000000     
   86000.000000000000     
   88000.000000000000     
   90000.000000000000     
   92000.000000000000     
   94000.000000000000     
   96000.000000000000     
   98000.000000000000     
   100000.00000000000     
   102000.00000000000     
   104000.00000000000     
   106000.00000000000     
   108000.00000000000     
   110000.00000000000     
   112000.00000000000     
   114000.00000000000     
   116000.00000000000     
   118000.00000000000     
   120000.00000000000     
   122000.00000000000     
   124000.00000000000     
   126000.00000000000     
   128000.00000000000     
   130000.00000000000     
   132000.00000000000     
   134000.00000000000     
   136000.00000000000     
   138000.00000000000     
   140000.00000000000     
   142000.00000000000     
   144000.00000000000     
   146000.00000000000     
   148000.00000000000     
   150000.00000000000     
   152000.00000000000     
   154000.00000000000     
   156000.00000000000     
   158000.00000000000     
   160000.00000000000     
   162000.00000000000     
   164000.00000000000     
   166000.00000000000     
   168000.00000000000     
   170000.00000000000     
   172000.00000000000     
   174000.00000000000     
   176000.00000000000     
   178000.00000000000     
   180000.00000000000     
   182000.00000000000     
   184000.00000000000     
   186000.00000000000     
   188000.00000000000     
   190000.00000000000     
   192000.00000000000     
   194000.00000000000     
   196000.00000000000     
   198000.00000000000     
   200000.00000000000     
   202000.00000000000     
   204000.00000000000     
   206000.00000000000     
   208000.00000000000     
   210000.00000000000     
   212000.00000000000     
   214000.00000000000     
   216000.00000000000     
   218000.00000000000     
   220000.00000000000     
   222000.00000000000     
   224000.00000000000     
   226000.00000000000     
   228000.00000000000     
   230000.00000000000     
   232000.00000000000     
   234000.00000000000     
   236000.00000000000     
   238000.00000000000     
   240000.00000000000     
   242000.00000000000     
   244000.00000000000     
   246000.00000000000     
   248000.00000000000     
   250000.00000000000     
   252000.00000000000     
   254000.00000000000     
   256000.00000000000     
   258000.00000000000     
   260000.00000000000     
   262000.00000000000     
   264000.00000000000     
   266000.00000000000     
   268000.00000000000     
   270000.00000000000     
   272000.00000000000     
   274000.00000000000     
   276000.00000000000     
   278000.00000000000     
   280000.00000000000     
   282000.00000000000     
   284000.00000000000     
   286000.00000000000     
   288000.00000000000     
   290000.00000000000     
   292000.00000000000     
   294000.00000000000     
   296000.00000000000     
   298000.00000000000     
   300000.00000000000     
   302000.00000000000     
   304000.00000000000     
   306000.00000000000     
   308000.00000000000     
   310000.00000000000     
   312000.00000000000     
   314000.00000000000     
   316000.00000000000     
   318000.00000000000     
   320000.00000000000     
   322000.00000000000     
   324000.00000000000     
   326000.00000000000     
   328000.00000000000     
   330000.00000000000     
   332000.00000000000     
   334000.00000000000     
   336000.00000000000     
   338000.00000000000     
   340000.00000000000     
   342000.00000000000     
   344000.00000000000     
   346000.00000000000     
   348000.00000000000     
   350000.00000000000     
   352000.00000000000     
   354000.00000000000     
   356000.00000000000     
   358000.00000000000     
   360000.00000000000     
   362000.00000000000     
   364000.00000000000     
   366000.00000000000     
   368000.00000000000     
   370000.00000000000     
   372000.00000000000     
   374000.00000000000     
   376000.00000000000     
   378000.00000000000     
   380000.00000000000     
   382000.00000000000     
   384000.00000000000     
   386000.00000000000     
   388000.00000000000     
   390000.00000000000     
   392000.00000000000     
   394000.00000000000     
   396000.00000000000     
   398000.00000000000     
   400000.00000000000     
   402000.00000000000     
   404000.00000000000     
   406000.00000000000     
   408000.00000000000     
   410000.00000000000     
   412000.00000000000     
   414000.00000000000     
   416000.00000000000     
   418000.00000000000     
   420000.00000000000     
   422000.00000000000     
   424000.00000000000     
   426000.00000000000     
   428000.00000000000     
   430000.00000000000     
   432000.00000000000     
   434000.00000000000     
   436000.00000000000     
   438000.00000000000     
   440000.00000000000     
   442000.00000000000     
   444000.00000000000     
   446000.00000000000     
   448000.00000000000     
   450000.00000000000     
   452000.00000000000     
   454000.00000000000     
   456000.00000000000     
   458000.00000000000     
   460000.00000000000     
   462000.00000000000     
   464000.00000000000     
   466000.00000000000     
   468000.00000000000     
   470000.00000000000     
   472000.00000000000     
   474000.00000000000     
   476000.00000000000     
   478000.00000000000     
   480000.00000000000     
   482000.00000000000     
   484000.00000000000     
   486000.00000000000     
   488000.00000000000     
   490000.00000000000     
   492000.00000000000     
   494000.00000000000     
   496000.00000000000     
   498000.00000000000     
   500000.00000000000     
   502000.00000000000     
   504000.00000000000     
   506000.00000000000     
   508000.00000000000     
   510000.00000000000     
   512000.00000000000     
   514000.00000000000     
   516000.00000000000     
   518000.00000000000     
   520000.00000000000     
   522000.00000000000     
   524000.00000000000     
   526000.00000000000     
   528000.00000000000     
   530000.00000000000     
   532000.00000000000     
   534000.00000000000     
   536000.00000000000     
   538000.00000000000     
   540000.00000000000     
   542000.00000000000     
   544000.00000000000     
   546000.00000000000     
   548000.00000000000     
   550000.00000000000     
   552000.00000000000     
   554000.00000000000     
   556000.00000000000     
   558000.00000000000     
   560000.00000000000     
   562000.00000000000     
   564000.00000000000     
   566000.00000000000     
   568000.00000000000     
   570000.00000000000     
   572000.00000000000     
   574000.00000000000     
   576000.00000000000     
   578000.00000000000     
   580000.00000000000     
   582000.00000000000     
   584000.00000000000     
   586000.00000000000     
   588000.00000000000     
   590000.00000000000     
   592000.00000000000     
   594000.00000000000     
   596000.00000000000     
   598000.00000000000     
   600000.00000000000     
   602000.00000000000     
   604000.00000000000     
   606000.00000000000     
   608000.00000000000     
   610000.00000000000     
   612000.00000000000     
   614000.00000000000     
   616000.00000000000     
   618000.00000000000     
   620000.00000000000     
   622000.00000000000     
   624000.00000000000     
   626000.00000000000     
   628000.00000000000     
   630000.00000000000     
   632000.00000000000     
   634000.00000000000     
   636000.00000000000     
   638000.00000000000     
   640000.00000000000     
   642000.00000000000     
   644000.00000000000     
   646000.00000000000     
   648000.00000000000     
   650000.00000000000     
   652000.00000000000     
   654000.00000000000     
   656000.00000000000     
   658000.00000000000     
   660000.00000000000     
   662000.00000000000     
   664000.00000000000     
   666000.00000000000     
   668000.00000000000     
   670000.00000000000     
   672000.00000000000     
   674000.00000000000     
   676000.00000000000     
   678000.00000000000     
   680000.00000000000     
   682000.00000000000     
   684000.00000000000     
   686000.00000000000     
   688000.00000000000     
   690000.00000000000     
   692000.00000000000     
   694000.00000000000     
   696000.00000000000     
   698000.00000000000     
   700000.00000000000     
   702000.00000000000     
   704000.00000000000     
   706000.00000000000     
   708000.00000000000     
   710000.00000000000     
   712000.00000000000     
   714000.00000000000     
   716000.00000000000     
   718000.00000000000     
   720000.00000000000     
   722000.00000000000     
   724000.00000000000     
   726000.00000000000     
   728000.00000000000     
   730000.00000000000     
   732000.00000000000     
   734000.00000000000     
   736000.00000000000     
   738000.00000000000     
   740000.00000000000     
   742000.00000000000     
   744000.00000000000     
   746000.00000000000     
   748000.00000000000     
   750000.00000000000     
   752000.00000000000     
   754000.00000000000     
   756000.00000000000     
   758000.00000000000     
   760000.00000000000     
   762000.00000000000     
   764000.00000000000     
   766000.00000000000     
   768000.00000000000     
   770000.00000000000     
   772000.00000000000     
   774000.00000000000     
   776000.00000000000     
   778000.00000000000     
   780000.00000000000     
   782000.00000000000     
   784000.00000000000     
   786000.00000000000     
   788000.00000000000     
   790000.00000000000     
   792000.00000000000     
   794000.00000000000     
   796000.00000000000     
   798000.00000000000     
   800000.00000000000     
   802000.00000000000     
   804000.00000000000     
   806000.00000000000     
   808000.00000000000     
   810000.00000000000     
   812000.00000000000     
   814000.00000000000     
   816000.00000000000     
   818000.00000000000     
   820000.00000000000     
   822000.00000000000     
   824000.00000000000     
   826000.00000000000     
   828000.00000000000     
   830000.00000000000     
   832000.00000000000     
   834000.00000000000     
   836000.00000000000     
   838000.00000000000     
   840000.00000000000     
   842000.00000000000     
   844000.00000000000     
   846000.00000000000     
   848000.00000000000     
   850000.00000000000     
   852000.00000000000     
   854000.00000000000     
   856000.00000000000     
   858000.00000000000     
   860000.00000000000     
   862000.00000000000     
   864000.00000000000     
   866000.00000000000     
   868000.00000000000     
   870000.00000000000     
   872000.00000000000     
   874000.00000000000     
   876000.00000000000     
   878000.00000000000     
   880000.00000000000     
   882000.00000000000     
   884000.00000000000     
   886000.00000000000     
   888000.00000000000     
   890000.00000000000     
   892000.00000000000     
   894000.00000000000     
   896000.00000000000     
   898000.00000000000     
   900000.00000000000     
   902000.00000000000     
   904000.00000000000     
   906000.00000000000     
   908000.00000000000     
   910000.00000000000     
   912000.00000000000     
   914000.00000000000     
   916000.00000000000     
   918000.00000000000     
   920000.00000000000     
   922000.00000000000     
   924000.00000000000     
   926000.00000000000     
   928000.00000000000     
   930000.00000000000     
   932000.00000000000     
   934000.00000000000     
   936000.00000000000     
   938000.00000000000     
   940000.00000000000     
   942000.00000000000     
   944000.00000000000     
   946000.00000000000     
   948000.00000000000     
   950000.00000000000     
   952000.00000000000     
   954000.00000000000     
   956000.00000000000     
   958000.00000000000     
   960000.00000000000     
   962000.00000000000     
   964000.00000000000     
   966000.00000000000     
   968000.00000000000     
   970000.00000000000     
   972000.00000000000     
   974000.00000000000     
   976000.00000000000     
   978000.00000000000     
   980000.00000000000     
   982000.00000000000     
   984000.00000000000     
   986000.00000000000     
   988000.00000000000     
   990000.00000000000     
   992000.00000000000     
   994000.00000000000     
   996000.00000000000     
   998000.00000000000     
   1000000.0000000000     
   1002000.0000000000     
   1004000.0000000000     
   1006000.0000000000     
   1008000.0000000000     
   1010000.0000000000     
   1012000.0000000000     
   1014000.0000000000     
   1016000.0000000000     
   1018000.0000000000     
   1020000.0000000000     
   1022000.0000000000     
   1024000.0000000000     
   1026000.0000000000     
   1028000.0000000000     
   1030000.0000000000     
   1032000.0000000000     
   1034000.0000000000     
   1036000.0000000000     
   1038000.0000000000     
   1040000.0000000000     
   1042000.0000000000     
   1044000.0000000000     
   1046000.0000000000     
   1048000.0000000000     
   1050000.0000000000     
   1052000.0000000000     
   1054000.0000000000     
   1056000.0000000000     
   1058000.0000000000     
   1060000.0000000000     
   1062000.0000000000     
   1064000.0000000000     
   1066000.0000000000     
   1068000.0000000000     
   1070000.0000000000     
   1072000.0000000000     
   1074000.0000000000     
   1076000.0000000000     
   1078000.0000000000     
   1080000.0000000000     
   1082000.0000000000     
   1084000.0000000000     
   1086000.0000000000     
   1088000.0000000000     
   1090000.0000000000     
   1092000.0000000000     
   1094000.0000000000     
   1096000.0000000000     
   1098000.0000000000     
   1100000.0000000000     
   1102000.0000000000     
   1104000.0000000000     
   1106000.0000000000     
   1108000.0000000000     
   1110000.0000000000     
   1112000.0000000000     
   1114000.0000000000     
   1116000.0000000000     
   1118000.0000000000     
   1120000.0000000000     
   1122000.0000000000     
   1124000.0000000000     
   1126000.0000000000     
   1128000.0000000000     
   1130000.0000000000     
   1132000.0000000000     
   1134000.0000000000     
   1136000.0000000000     
   1138000.0000000000     
   1140000.0000000000     
   1142000.0000000000     
   1144000.0000000000     
   1146000.0000000000     
   1148000.0000000000     
   1150000.0000000000     
   1152000.0000000000     
   1154000.0000000000     
   1156000.0000000000     
   1158000.0000000000     
   1160000.0000000000     
   1162000.0000000000     
   1164000.0000000000     
   1166000.0000000000     
   1168000.0000000000     
   1170000.0000000000     
   1172000.0000000000     
   1174000.0000000000     
   1176000.0000000000     
   1178000.0000000000     
   1180000.0000000000     
   1182000.0000000000     
   1184000.0000000000     
   1186000.0000000000     
   1188000.0000000000     
   1190000.0000000000     
   1192000.0000000000     
   1194000.0000000000     
   1196000.0000000000     
   1198000.0000000000     
   1200000.0000000000     
   1202000.0000000000     
   1204000.0000000000     
   1206000.0000000000     
   1208000.0000000000     
   1210000.0000000000     
   1212000.0000000000     
   1214000.0000000000     
   1216000.0000000000     
   1218000.0000000000     
   1220000.0000000000     
   1222000.0000000000     
   1224000.0000000000     
   1226000.0000000000     
   1228000.0000000000     
   1230000.0000000000     
   1232000.0000000000     
   1234000.0000000000     
   1236000.0000000000     
   1238000.0000000000     
   1240000.0000000000     
   1242000.0000000000     
   1244000.0000000000     
   1246000.0000000000     
   1248000.0000000000     
   1250000.0000000000     
   1252000.0000000000     
   1254000.0000000000     
   1256000.0000000000     
   1258000.0000000000     
   1260000.0000000000     
   1262000.0000000000     
   1264000.0000000000     
   1266000.0000000000     
   1268000.0000000000     
   1270000.0000000000     
   1272000.0000000000     
   1274000.0000000000     
   1276000.0000000000     
   1278000.0000000000     
   1280000.0000000000     
   1282000.0000000000     
   1284000.0000000000     
   1286000.0000000000     
   1288000.0000000000     
   1290000.0000000000     
   1292000.0000000000     
   1294000.0000000000     
   1296000.0000000000     
   1298000.0000000000     
   1300000.0000000000     
   1302000.0000000000     
   1304000.0000000000     
   1306000.0000000000     
   1308000.0000000000     
   1310000.0000000000     
   1312000.0000000000     
   1314000.0000000000     
   1316000.0000000000     
   1318000.0000000000     
   1320000.0000000000     
   1322000.0000000000     
   1324000.0000000000     
   1326000.0000000000     
   1328000.0000000000     
   1330000.0000000000     
   1332000.0000000000     
   1334000.0000000000     
   1336000.0000000000     
   1338000.0000000000     
   1340000.0000000000     
   1342000.0000000000     
   1344000.0000000000     
   1346000.0000000000     
   1348000.0000000000     
   1350000.0000000000     
   1352000.0000000000     
   1354000.0000000000     
   1356000.0000000000     
   1358000.0000000000     
   1360000.0000000000     
   1362000.0000000000     
   1364000.0000000000     
   1366000.0000000000     
   1368000.0000000000     
   1370000.0000000000     
   1372000.0000000000     
   1374000.0000000000     
   1376000.0000000000     
   1378000.0000000000     
   1380000.0000000000     
   1382000.0000000000     
   1384000.0000000000     
   1386000.0000000000     
   1388000.0000000000     
   1390000.0000000000     
   1392000.0000000000     
   1394000.0000000000     
   1396000.0000000000     
   1398000.0000000000     
   1400000.0000000000     
   1402000.0000000000     
   1404000.0000000000     
   1406000.0000000000     
   1408000.0000000000     
   1410000.0000000000     
   1412000.0000000000     
   1414000.0000000000     
   1416000.0000000000     
   1418000.0000000000     
   1420000.0000000000     
   1422000.0000000000     
   1424000.0000000000     
   1426000.0000000000     
   1428000.0000000000     
   1430000.0000000000     
   1432000.0000000000     
   1434000.0000000000     
   1436000.0000000000     
   1438000.0000000000     
   1440000.0000000000     
   1442000.0000000000     
   1444000.0000000000     
   1446000.0000000000     
   1448000.0000000000     
   1450000.0000000000     
   1452000.0000000000     
   1454000.0000000000     
   1456000.0000000000     
   1458000.0000000000     
   1460000.0000000000     
   1462000.0000000000     
   1464000.0000000000     
   1466000.0000000000     
   1468000.0000000000     
   1470000.0000000000     
   1472000.0000000000     
   1474000.0000000000     
   1476000.0000000000     
   1478000.0000000000     
   1480000.0000000000     
   1482000.0000000000     
   1484000.0000000000     
   1486000.0000000000     
   1488000.0000000000     
   1490000.0000000000     
   1492000.0000000000     
   1494000.0000000000     
   1496000.0000000000     
   1498000.0000000000     
   1500000.0000000000     
   1502000.0000000000     
   1504000.0000000000     
   1506000.0000000000     
   1508000.0000000000     
   1510000.0000000000     
   1512000.0000000000     
   1514000.0000000000     
   1516000.0000000000     
   1518000.0000000000     
   1520000.0000000000     
   1522000.0000000000     
   1524000.0000000000     
   1526000.0000000000     
   1528000.0000000000     
   1530000.0000000000     
   1532000.0000000000     
   1534000.0000000000     
   1536000.0000000000     
   1538000.0000000000     
   1540000.0000000000     
   1542000.0000000000     
   1544000.0000000000     
   1546000.0000000000     
   1548000.0000000000     
   1550000.0000000000     
   1552000.0000000000     
   1554000.0000000000     
   1556000.0000000000     
   1558000.0000000000     
   1560000.0000000000     
   1562000.0000000000     
   1564000.0000000000     
   1566000.0000000000     
   1568000.0000000000     
   1570000.0000000000     
   1572000.0000000000     
   1574000.0000000000     
   1576000.0000000000     
   1578000.0000000000     
   1580000.0000000000     
   1582000.0000000000     
   1584000.0000000000     
   1586000.0000000000     
   1588000.0000000000     
   1590000.0000000000     
   1592000.0000000000     
   1594000.0000000000     
   1596000.0000000000     
   1598000.0000000000     
   1600000.0000000000     
   1602000.0000000000     
   1604000.0000000000     
   1606000.0000000000     
   1608000.0000000000     
   1610000.0000000000     
   1612000.0000000000     
   1614000.0000000000     
   1616000.0000000000     
   1618000.0000000000     
   1620000.0000000000     
   1622000.0000000000     
   1624000.0000000000     
   1626000.0000000000     
   1628000.0000000000     
   1630000.0000000000     
   1632000.0000000000     
   1634000.0000000000     
   1636000.0000000000     
   1638000.0000000000     
   1640000.0000000000     
   1642000.0000000000     
   1644000.0000000000     
   1646000.0000000000     
   1648000.0000000000     
   1650000.0000000000     
   1652000.0000000000     
   1654000.0000000000     
   1656000.0000000000     
   1658000.0000000000     
   1660000.0000000000     
   1662000.0000000000     
   1664000.0000000000     
   1666000.0000000000     
   1668000.0000000000     
   1670000.0000000000     
   1672000.0000000000     
   1674000.0000000000     
   1676000.0000000000     
   1678000.0000000000     
   1680000.0000000000     
   1682000.0000000000     
   1684000.0000000000     
   1686000.0000000000     
   1688000.0000000000     
   1690000.0000000000     
   1692000.0000000000     
   1694000.0000000000     
   1696000.0000000000     
   1698000.0000000000     
   1700000.0000000000     
   1702000.0000000000     
   1704000.0000000000     
   1706000.0000000000     
   1708000.0000000000     
   1710000.0000000000     
   1712000.0000000000     
   1714000.0000000000     
   1716000.0000000000     
   1718000.0000000000     
   1720000.0000000000     
   1722000.0000000000     
   1724000.0000000000     
   1726000.0000000000     
   1728000.0000000000     
   1730000.0000000000     
   1732000.0000000000     
   1734000.0000000000     
   1736000.0000000000     
   1738000.0000000000     
   1740000.0000000000     
   1742000.0000000000     
   1744000.0000000000     
   1746000.0000000000     
   1748000.0000000000     
   1750000.0000000000     
   1752000.0000000000     
   1754000.0000000000     
   1756000.0000000000     
   1758000.0000000000     
   1760000.0000000000     
   1762000.0000000000     
   1764000.0000000000     
   1766000.0000000000     
   1768000.0000000000     
   1770000.0000000000     
   1772000.0000000000     
   1774000.0000000000     
   1776000.0000000000     
   1778000.0000000000     
   1780000.0000000000     
   1782000.0000000000     
   1784000.0000000000     
   1786000.0000000000     
   1788000.0000000000     
   1790000.0000000000     
   1792000.0000000000     
   1794000.0000000000     
   1796000.0000000000     
   1798000.0000000000     
   1800000.0000000000     
   1802000.0000000000     
   1804000.0000000000     
   1806000.0000000000     
   1808000.0000000000     
   1810000.0000000000     
   1812000.0000000000     
   1814000.0000000000     
   1816000.0000000000     
   1818000.0000000000     
   1820000.0000000000     
   1822000.0000000000     
   1824000.0000000000     
   1826000.0000000000     
   1828000.0000000000     
   1830000.0000000000     
   1832000.0000000000     
   1834000.0000000000     
   1836000.0000000000     
   1838000.0000000000     
   1840000.0000000000     
   1842000.0000000000     
   1844000.0000000000     
   1846000.0000000000     
   1848000.0000000000     
   1850000.0000000000     
   1852000.0000000000     
   1854000.0000000000     
   1856000.0000000000     
   1858000.0000000000     
   1860000.0000000000     
   1862000.0000000000     
   1864000.0000000000     
   1866000.0000000000     
   1868000.0000000000     
   1870000.0000000000     
   1872000.0000000000     
   1874000.0000000000     
   1876000.0000000000     
   1878000.0000000000     
   1880000.0000000000     
   1882000.0000000000     
   1884000.0000000000     
   1886000.0000000000     
   1888000.0000000000     
   1890000.0000000000     
   1892000.0000000000     
   1894000.0000000000     
   1896000.0000000000     
   1898000.0000000000     
   1900000.0000000000     
   1902000.0000000000     
   1904000.0000000000     
   1906000.0000000000     
   1908000.0000000000     
   1910000.0000000000     
   1912000.0000000000     
   1914000.0000000000     
   1916000.0000000000     
   1918000.0000000000     
   1920000.0000000000     
   1922000.0000000000     
   1924000.0000000000     
   1926000.0000000000     
   1928000.0000000000     
   1930000.0000000000     
   1932000.0000000000     
   1934000.0000000000     
   1936000.0000000000     
   1938000.0000000000     
   1940000.0000000000     
   1942000.0000000000     
   1944000.0000000000     
   1946000.0000000000     
   1948000.0000000000     
   1950000.0000000000     
   1952000.0000000000     
   1954000.0000000000     
   1956000.0000000000     
   1958000.0000000000     
   1960000.0000000000     
   1962000.0000000000     
   1964000.0000000000     
   1966000.0000000000     
   1968000.0000000000     
   1970000.0000000000     
   1972000.0000000000     
   1974000.0000000000     
   1976000.0000000000     
   1978000.0000000000     
   1980000.0000000000     
   1982000.0000000000     
   1984000.0000000000     
   1986000.0000000000     
   1988000.0000000000     
   1990000.0000000000     
   1992000.0000000000     
   1994000.0000000000     
   1996000.0000000000     
   1998000.0000000000     
   2000000.0000000000     
   2002000.0000000000     
   2004000.0000000000     
   2006000.0000000000     
   2008000.0000000000     
   2010000.0000000000     
   2012000.0000000000     
   2014000.0000000000     
   2016000.0000000000     
   2018000.0000000000     
   2020000.0000000000     
   2022000.0000000000     
   2024000.0000000000     
   2026000.0000000000     
   2028000.0000000000     
   2030000.0000000000     
   2032000.0000000000     
   2034000.0000000000     
   2036000.0000000000     
   2038000.0000000000     
   2040000.0000000000     
   2042000.0000000000     
   2044000.0000000000     
   2046000.0000000000     
   2048000.0000000000     
   2050000.0000000000     
   2052000.0000000000     
   2054000.0000000000     
   2056000.0000000000     
   2058000.0000000000     
   2060000.0000000000     
   2062000.0000000000     
   2064000.0000000000     
   2066000.0000000000     
   2068000.0000000000     
   2070000.0000000000     
   2072000.0000000000     
   2074000.0000000000     
   2076000.0000000000     
   2078000.0000000000     
   2080000.0000000000     
   2082000.0000000000     
   2084000.0000000000     
   2086000.0000000000     
   2088000.0000000000     
   2090000.0000000000     
   2092000.0000000000     
   2094000.0000000000     
   2096000.0000000000     
   2098000.0000000000     
   2100000.0000000000     
   2102000.0000000000     
   2104000.0000000000     
   2106000.0000000000     
   2108000.0000000000     
   2110000.0000000000     
   2112000.0000000000     
   2114000.0000000000     
   2116000.0000000000     
   2118000.0000000000     
   2120000.0000000000     
   2122000.0000000000     
   2124000.0000000000     
   2126000.0000000000     
   2128000.0000000000     
   2130000.0000000000     
   2132000.0000000000     
   2134000.0000000000     
   2136000.0000000000     
   2138000.0000000000     
   2140000.0000000000     
   2142000.0000000000     
   2144000.0000000000     
   2146000.0000000000     
   2148000.0000000000     
   2150000.0000000000     
   2152000.0000000000     
   2154000.0000000000     
   2156000.0000000000     
   2158000.0000000000     
   2160000.0000000000     
   2162000.0000000000     
   2164000.0000000000     
   2166000.0000000000     
   2168000.0000000000     
   2170000.0000000000     
   2172000.0000000000     
   2174000.0000000000     
   2176000.0000000000     
   2178000.0000000000     
   2180000.0000000000     
   2182000.0000000000     
   2184000.0000000000     
   2186000.0000000000     
   2188000.0000000000     
   2190000.0000000000     
   2192000.0000000000     
   2194000.0000000000     
   2196000.0000000000     
   2198000.0000000000     
   2200000.0000000000     
   2202000.0000000000     
   2204000.0000000000     
   2206000.0000000000     
   2208000.0000000000     
   2210000.0000000000     
   2212000.0000000000     
   2214000.0000000000     
   2216000.0000000000     
   2218000.0000000000     
   2220000.0000000000     
   2222000.0000000000     
   2224000.0000000000     
   2226000.0000000000     
   2228000.0000000000     
   2230000.0000000000     
   2232000.0000000000     
   2234000.0000000000     
   2236000.0000000000     
   2238000.0000000000     
   2240000.0000000000     
   2242000.0000000000     
   2244000.0000000000     
   2246000.0000000000     
   2248000.0000000000     
   2250000.0000000000     
   2252000.0000000000     
   2254000.0000000000     
   2256000.0000000000     
   2258000.0000000000     
   2260000.0000000000     
   2262000.0000000000     
   2264000.0000000000     
   2266000.0000000000     
   2268000.0000000000     
   2270000.0000000000     
   2272000.0000000000     
   2274000.0000000000     
   2276000.0000000000     
   2278000.0000000000     
   2280000.0000000000     
   2282000.0000000000     
   2284000.0000000000     
   2286000.0000000000     
   2288000.0000000000     
   2290000.0000000000     
   2292000.0000000000     
   2294000.0000000000     
   2296000.0000000000     
   2298000.0000000000     
   2300000.0000000000     
   2302000.0000000000     
   2304000.0000000000     
   2306000.0000000000     
   2308000.0000000000     
   2310000.0000000000     
   2312000.0000000000     
   2314000.0000000000     
   2316000.0000000000     
   2318000.0000000000     
   2320000.0000000000     
   2322000.0000000000     
   2324000.0000000000     
   2326000.0000000000     
   2328000.0000000000     
   2330000.0000000000     
   2332000.0000000000     
   2334000.0000000000     
   2336000.0000000000     
   2338000.0000000000     
   2340000.0000000000     
   2342000.0000000000     
   2344000.0000000000     
   2346000.0000000000     
   2348000.0000000000     
   2350000.0000000000     
   2352000.0000000000     
   2354000.0000000000     
   2356000.0000000000     
   2358000.0000000000     
   2360000.0000000000     
   2362000.0000000000     
   2364000.0000000000     
   2366000.0000000000     
   2368000.0000000000     
   2370000.0000000000     
   2372000.0000000000     
   2374000.0000000000     
   2376000.0000000000     
   2378000.0000000000     
   2380000.0000000000     
   2382000.0000000000     
   2384000.0000000000     
   2386000.0000000000     
   2388000.0000000000     
   2390000.0000000000     
   2392000.0000000000     
   2394000.0000000000     
   2396000.0000000000     
   2398000.0000000000     
   2400000.0000000000     
   2402000.0000000000     
   2404000.0000000000     
   2406000.0000000000     
   2408000.0000000000     
   2410000.0000000000     
   2412000.0000000000     
   2414000.0000000000     
   2416000.0000000000     
   2418000.0000000000     
   2420000.0000000000     
   2422000.0000000000     
   2424000.0000000000     
   2426000.0000000000     
   2428000.0000000000     
   2430000.0000000000     
   2432000.0000000000     
   2434000.0000000000     
   2436000.0000000000     
   2438000.0000000000     
   2440000.0000000000     
   2442000.0000000000     
   2444000.0000000000     
   2446000.0000000000     
   2448000.0000000000     
   2450000.0000000000     
   2452000.0000000000     
   2454000.0000000000     
   2456000.0000000000     
   2458000.0000000000     
   2460000.0000000000     
   2462000.0000000000     
   2464000.0000000000     
   2466000.0000000000     
   2468000.0000000000     
   2470000.0000000000     
   2472000.0000000000     
   2474000.0000000000     
   2476000.0000000000     
   2478000.0000000000     
   2480000.0000000000     
   2482000.0000000000     
   2484000.0000000000     
   2486000.0000000000     
   2488000.0000000000     
   2490000.0000000000     
   2492000.0000000000     
   2494000.0000000000     
   2496000.0000000000     
   2498000.0000000000     
   2500000.0000000000     
   2502000.0000000000     
   2504000.0000000000     
   2506000.0000000000     
   2508000.0000000000     
   2510000.0000000000     
   2512000.0000000000     
   2514000.0000000000     
   2516000.0000000000     
   2518000.0000000000     
   2520000.0000000000     
   2522000.0000000000     
   2524000.0000000000     
   2526000.0000000000     
   2528000.0000000000     
   2530000.0000000000     
   2532000.0000000000     
   2534000.0000000000     
   2536000.0000000000     
   2538000.0000000000     
   2540000.0000000000     
   2542000.0000000000     
   2544000.0000000000     
   2546000.0000000000     
   2548000.0000000000     
   2550000.0000000000     
   2552000.0000000000     
   2554000.0000000000     
   2556000.0000000000     
   2558000.0000000000     
   2560000.0000000000     
   2562000.0000000000     
   2564000.0000000000     
   2566000.0000000000     
   2568000.0000000000     
   2570000.0000000000     
   2572000.0000000000     
   2574000.0000000000     
   2576000.0000000000     
   2578000.0000000000     
   2580000.0000000000     
   2582000.0000000000     
   2584000.0000000000     
   2586000.0000000000     
   2588000.0000000000     
   2590000.0000000000     
   2592000.0000000000     
   2594000.0000000000     
   2596000.0000000000     
   2598000.0000000000     
   2600000.0000000000     
   2602000.0000000000     
   2604000.0000000000     
   2606000.0000000000     
   2608000.0000000000     
   2610000.0000000000     
   2612000.0000000000     
   2614000.0000000000     
   2616000.0000000000     
   2618000.0000000000     
   2620000.0000000000     
   2622000.0000000000     
   2624000.0000000000     
   2626000.0000000000     
   2628000.0000000000     
   2630000.0000000000     
   2632000.0000000000     
   2634000.0000000000     
   2636000.0000000000     
   2638000.0000000000     
   2640000.0000000000     
   2642000.0000000000     
   2644000.0000000000     
   2646000.0000000000     
   2648000.0000000000     
   2650000.0000000000     
   2652000.0000000000     
   2654000.0000000000     
   2656000.0000000000     
   2658000.0000000000     
   2660000.0000000000     
   2662000.0000000000     
   2664000.0000000000     
   2666000.0000000000     
   2668000.0000000000     
   2670000.0000000000     
   2672000.0000000000     
   2674000.0000000000     
   2676000.0000000000     
   2678000.0000000000     
   2680000.0000000000     
   2682000.0000000000     
   2684000.0000000000     
   2686000.0000000000     
   2688000.0000000000     
   2690000.0000000000     
   2692000.0000000000     
   2694000.0000000000     
   2696000.0000000000     
   2698000.0000000000     
   2700000.0000000000     
   2702000.0000000000     
   2704000.0000000000     
   2706000.0000000000     
   2708000.0000000000     
   2710000.0000000000     
   2712000.0000000000     
   2714000.0000000000     
   2716000.0000000000     
   2718000.0000000000     
   2720000.0000000000     
   2722000.0000000000     
   2724000.0000000000     
   2726000.0000000000     
   2728000.0000000000     
   2730000.0000000000     
   2732000.0000000000     
   2734000.0000000000     
   2736000.0000000000     
   2738000.0000000000     
   2740000.0000000000     
   2742000.0000000000     
   2744000.0000000000     
   2746000.0000000000     
   2748000.0000000000     
   2750000.0000000000     
   2752000.0000000000     
   2754000.0000000000     
   2756000.0000000000     
   2758000.0000000000     
   2760000.0000000000     
   2762000.0000000000     
   2764000.0000000000     
   2766000.0000000000     
   2768000.0000000000     
   2770000.0000000000     
   2772000.0000000000     
   2774000.0000000000     
   2776000.0000000000     
   2778000.0000000000     
   2780000.0000000000     
   2782000.0000000000     
   2784000.0000000000     
   2786000.0000000000     
   2788000.0000000000     
   2790000.0000000000     
   2792000.0000000000     
   2794000.0000000000     
   2796000.0000000000     
   2798000.0000000000     
   2800000.0000000000     
   2802000.0000000000     
   2804000.0000000000     
   2806000.0000000000     
   2808000.0000000000     
   2810000.0000000000     
   2812000.0000000000     
   2814000.0000000000     
   2816000.0000000000     
   2818000.0000000000     
   2820000.0000000000     
   2822000.0000000000     
   2824000.0000000000     
   2826000.0000000000     
   2828000.0000000000     
   2830000.0000000000     
   2832000.0000000000     
   2834000.0000000000     
   2836000.0000000000     
   2838000.0000000000     
   2840000.0000000000     
   2842000.0000000000     
   2844000.0000000000     
   2846000.0000000000     
   2848000.0000000000     
   2850000.0000000000     
   2852000.0000000000     
   2854000.0000000000     
   2856000.0000000000     
   2858000.0000000000     
   2860000.0000000000     
   2862000.0000000000     
   2864000.0000000000     
   2866000.0000000000     
   2868000.0000000000     
   2870000.0000000000     
   2872000.0000000000     
   2874000.0000000000     
   2876000.0000000000     
   2878000.0000000000     
   2880000.0000000000     
   2882000.0000000000     
   2884000.0000000000     
   2886000.0000000000     
   2888000.0000000000     
   2890000.0000000000     
   2892000.0000000000     
   2894000.0000000000     
   2896000.0000000000     
   2898000.0000000000     
   2900000.0000000000     
   2902000.0000000000     
   2904000.0000000000     
   2906000.0000000000     
   2908000.0000000000     
   2910000.0000000000     
   2912000.0000000000     
   2914000.0000000000     
   2916000.0000000000     
   2918000.0000000000     
   2920000.0000000000     
   2922000.0000000000     
   2924000.0000000000     
   2926000.0000000000     
   2928000.0000000000     
   2930000.0000000000     
   2932000.0000000000     
   2934000.0000000000     
   2936000.0000000000     
   2938000.0000000000     
   2940000.0000000000     
   2942000.0000000000     
   2944000.0000000000     
   2946000.0000000000     
   2948000.0000000000     
   2950000.0000000000     
   2952000.0000000000     
   2954000.0000000000     
   2956000.0000000000     
   2958000.0000000000     
   2960000.0000000000     
   2962000.0000000000     
   2964000.0000000000     
   2966000.0000000000     
   2968000.0000000000     
   2970000.0000000000     
   2972000.0000000000     
   2974000.0000000000     
   2976000.0000000000     
   2978000.0000000000     
   2980000.0000000000     
   2982000.0000000000     
   2984000.0000000000     
   2986000.0000000000     
   2988000.0000000000     
   2990000.0000000000     
   2992000.0000000000     
   2994000.0000000000     
   2996000.0000000000     
   2998000.0000000000     
   3000000.0000000000     
   3002000.0000000000     
   3004000.0000000000     
   3006000.0000000000     
   3008000.0000000000     
   3010000.0000000000     
   3012000.0000000000     
   3014000.0000000000     
   3016000.0000000000     
   3018000.0000000000     
   3020000.0000000000     
   3022000.0000000000     
   3024000.0000000000     
   3026000.0000000000     
   3028000.0000000000     
   3030000.0000000000     
   3032000.0000000000     
   3034000.0000000000     
   3036000.0000000000     
   3038000.0000000000     
   3040000.0000000000     
   3042000.0000000000     
   3044000.0000000000     
   3046000.0000000000     
   3048000.0000000000     
   3050000.0000000000     
   3052000.0000000000     
   3054000.0000000000     
   3056000.0000000000     
   3058000.0000000000     
   3060000.0000000000     
   3062000.0000000000     
   3064000.0000000000     
   3066000.0000000000     
   3068000.0000000000     
   3070000.0000000000     
   3072000.0000000000     
   3074000.0000000000     
   3076000.0000000000     
   3078000.0000000000     
   3080000.0000000000     
   3082000.0000000000     
   3084000.0000000000     
   3086000.0000000000     
   3088000.0000000000     
   3090000.0000000000     
   3092000.0000000000     
   3094000.0000000000     
   3096000.0000000000     
   3098000.0000000000     
   3100000.0000000000     
   3102000.0000000000     
   3104000.0000000000     
   3106000.0000000000     
   3108000.0000000000     
   3110000.0000000000     
   3112000.0000000000     
   3114000.0000000000     
   3116000.0000000000     
   3118000.0000000000     
   3120000.0000000000     
   3122000.0000000000     
   3124000.0000000000     
   3126000.0000000000     
   3128000.0000000000     
   3130000.0000000000     
   3132000.0000000000     
   3134000.0000000000     
   3136000.0000000000     
   3138000.0000000000     
   3140000.0000000000     
   3142000.0000000000     
   3144000.0000000000     
   3146000.0000000000     
   3148000.0000000000     
   3150000.0000000000     
   3152000.0000000000     
   3154000.0000000000     
   3156000.0000000000     
   3158000.0000000000     
   3160000.0000000000     
   3162000.0000000000     
   3164000.0000000000     
   3166000.0000000000     
   3168000.0000000000     
   3170000.0000000000     
   3172000.0000000000     
   3174000.0000000000     
   3176000.0000000000     
   3178000.0000000000     
   3180000.0000000000     
   3182000.0000000000     
   3184000.0000000000     
   3186000.0000000000     
   3188000.0000000000     
   3190000.0000000000     
   3192000.0000000000     
   3194000.0000000000     
   3196000.0000000000     
   3198000.0000000000     
   3200000.0000000000     
   3202000.0000000000     
   3204000.0000000000     
   3206000.0000000000     
   3208000.0000000000     
   3210000.0000000000     
   3212000.0000000000     
   3214000.0000000000     
   3216000.0000000000     
   3218000.0000000000     
   3220000.0000000000     
   3222000.0000000000     
   3224000.0000000000     
   3226000.0000000000     
   3228000.0000000000     
   3230000.0000000000     
   3232000.0000000000     
   3234000.0000000000     
   3236000.0000000000     
   3238000.0000000000     
   3240000.0000000000     
   3242000.0000000000     
   3244000.0000000000     
   3246000.0000000000     
   3248000.0000000000     
   3250000.0000000000     
   3252000.0000000000     
   3254000.0000000000     
   3256000.0000000000     
   3258000.0000000000     
   3260000.0000000000     
   3262000.0000000000     
   3264000.0000000000     
   3266000.0000000000     
   3268000.0000000000     
   3270000.0000000000     
   3272000.0000000000     
   3274000.0000000000     
   3276000.0000000000     
   3278000.0000000000     
   3280000.0000000000     
   3282000.0000000000     
   3284000.0000000000     
   3286000.0000000000     
   3288000.0000000000     
   3290000.0000000000     
   3292000.0000000000     
   3294000.0000000000     
   3296000.0000000000     
   3298000.0000000000     
   3300000.0000000000     
   3302000.0000000000     
   3304000.0000000000     
   3306000.0000000000     
   3308000.0000000000     
   3310000.0000000000     
   3312000.0000000000     
   3314000.0000000000     
   3316000.0000000000     
   3318000.0000000000     
   3320000.0000000000     
   3322000.0000000000     
   3324000.0000000000     
   3326000.0000000000     
   3328000.0000000000     
   3330000.0000000000     
   3332000.0000000000     
   3334000.0000000000     
   3336000.0000000000     
   3338000.0000000000     
   3340000.0000000000     
   3342000.0000000000     
   3344000.0000000000     
   3346000.0000000000     
   3348000.0000000000     
   3350000.0000000000     
   3352000.0000000000     
   3354000.0000000000     
   3356000.0000000000     
   3358000.0000000000     
   3360000.0000000000     
   3362000.0000000000     
   3364000.0000000000     
   3366000.0000000000     
   3368000.0000000000     
   3370000.0000000000     
   3372000.0000000000     
   3374000.0000000000     
   3376000.0000000000     
   3378000.0000000000     
   3380000.0000000000     
   3382000.0000000000     
   3384000.0000000000     
   3386000.0000000000     
   3388000.0000000000     
   3390000.0000000000     
   3392000.0000000000     
   3394000.0000000000     
   3396000.0000000000     
   3398000.0000000000     
   3400000.0000000000     
   3402000.0000000000     
   3404000.0000000000     
   3406000.0000000000     
   3408000.0000000000     
   3410000.0000000000     
   3412000.0000000000     
   3414000.0000000000     
   3416000.0000000000     
   3418000.0000000000     
   3420000.0000000000     
   3422000.0000000000     
   3424000.0000000000     
   3426000.0000000000     
   3428000.0000000000     
   3430000.0000000000     
   3432000.0000000000     
   3434000.0000000000     
   3436000.0000000000     
   3438000.0000000000     
   3440000.0000000000     
   3442000.0000000000     
   3444000.0000000000     
   3446000.0000000000     
   3448000.0000000000     
   3450000.0000000000     
   3452000.0000000000     
   3454000.0000000000     
   3456000.0000000000     
   3458000.0000000000     
   3460000.0000000000     
   3462000.0000000000     
   3464000.0000000000     
   3466000.0000000000     
   3468000.0000000000     
   3470000.0000000000     
   3472000.0000000000     
   3474000.0000000000     
   3476000.0000000000     
   3478000.0000000000     
   3480000.0000000000     
   3482000.0000000000     
   3484000.0000000000     
   3486000.0000000000     
   3488000.0000000000     
   3490000.0000000000     
   3492000.0000000000     
   3494000.0000000000     
   3496000.0000000000     
   3498000.0000000000     
   3500000.0000000000     
   3502000.0000000000     
   3504000.0000000000     
   3506000.0000000000     
   3508000.0000000000     
   3510000.0000000000     
   3512000.0000000000     
   3514000.0000000000     
   3516000.0000000000     
   3518000.0000000000     
   3520000.0000000000     
   3522000.0000000000     
   3524000.0000000000     
   3526000.0000000000     
   3528000.0000000000     
   3530000.0000000000     
   3532000.0000000000     
   3534000.0000000000     
   3536000.0000000000     
   3538000.0000000000     
   3540000.0000000000     
   3542000.0000000000     
   3544000.0000000000     
   3546000.0000000000     
   3548000.0000000000     
   3550000.0000000000     
   3552000.0000000000     
   3554000.0000000000     
   3556000.0000000000     
   3558000.0000000000     
   3560000.0000000000     
   3562000.0000000000     
   3564000.0000000000     
   3566000.0000000000     
   3568000.0000000000     
   3570000.0000000000     
   3572000.0000000000     
   3574000.0000000000     
   3576000.0000000000     
   3578000.0000000000     
   3580000.0000000000     
   3582000.0000000000     
   3584000.0000000000     
   3586000.0000000000     
   3588000.0000000000     
   3590000.0000000000     
   3592000.0000000000     
   3594000.0000000000     
   3596000.0000000000     
   3598000.0000000000     
   3600000.0000000000     
   3602000.0000000000     
   3604000.0000000000     
   3606000.0000000000     
   3608000.0000000000     
   3610000.0000000000     
   3612000.0000000000     
   3614000.0000000000     
   3616000.0000000000     
   3618000.0000000000     
   3620000.0000000000     
   3622000.0000000000     
   3624000.0000000000     
   3626000.0000000000     
   3628000.0000000000     
   3630000.0000000000     
   3632000.0000000000     
   3634000.0000000000     
   3636000.0000000000     
   3638000.0000000000     
   3640000.0000000000     
   3642000.0000000000     
   3644000.0000000000     
   3646000.0000000000     
   3648000.0000000000     
   3650000.0000000000     
   3652000.0000000000     
   3654000.0000000000     
   3656000.0000000000     
   3658000.0000000000     
   3660000.0000000000     
   3662000.0000000000     
   3664000.0000000000     
   3666000.0000000000     
   3668000.0000000000     
   3670000.0000000000     
   3672000.0000000000     
   3674000.0000000000     
   3676000.0000000000     
   3678000.0000000000     
   3680000.0000000000     
   3682000.0000000000     
   3684000.0000000000     
   3686000.0000000000     
   3688000.0000000000     
   3690000.0000000000     
   3692000.0000000000     
   3694000.0000000000     
   3696000.0000000000     
   3698000.0000000000     
   3700000.0000000000     
   3702000.0000000000     
   3704000.0000000000     
   3706000.0000000000     
   3708000.0000000000     
   3710000.0000000000     
   3712000.0000000000     
   3714000.0000000000     
   3716000.0000000000     
   3718000.0000000000     
   3720000.0000000000     
   3722000.0000000000     
   3724000.0000000000     
   3726000.0000000000     
   3728000.0000000000     
   3730000.0000000000     
   3732000.0000000000     
   3734000.0000000000     
   3736000.0000000000     
   3738000.0000000000     
   3740000.0000000000     
   3742000.0000000000     
   3744000.0000000000     
   3746000.0000000000     
   3748000.0000000000     
   3750000.0000000000     
   3752000.0000000000     
   3754000.0000000000     
   3756000.0000000000     
   3758000.0000000000     
   3760000.0000000000     
   3762000.0000000000     
   3764000.0000000000     
   3766000.0000000000     
   3768000.0000000000     
   3770000.0000000000     
   3772000.0000000000     
   3774000.0000000000     
   3776000.0000000000     
   3778000.0000000000     
   3780000.0000000000     
   3782000.0000000000     
   3784000.0000000000     
   3786000.0000000000     
   3788000.0000000000     
   3790000.0000000000     
   3792000.0000000000     
   3794000.0000000000     
   3796000.0000000000     
   3798000.0000000000     
   3800000.0000000000     
   3802000.0000000000     
   3804000.0000000000     
   3806000.0000000000     
   3808000.0000000000     
   3810000.0000000000     
   3812000.0000000000     
   3814000.0000000000     
   3816000.0000000000     
   3818000.0000000000     
   3820000.0000000000     
   3822000.0000000000     
   3824000.0000000000     
   3826000.0000000000     
   3828000.0000000000     
   3830000.0000000000     
   3832000.0000000000     
   3834000.0000000000     
   3836000.0000000000     
   3838000.0000000000     
   3840000.0000000000     
   3842000.0000000000     
   3844000.0000000000     
   3846000.0000000000     
   3848000.0000000000     
   3850000.0000000000     
   3852000.0000000000     
   3854000.0000000000     
   3856000.0000000000     
   3858000.0000000000     
   3860000.0000000000     
   3862000.0000000000     
   3864000.0000000000     
   3866000.0000000000     
   3868000.0000000000     
   3870000.0000000000     
   3872000.0000000000     
   3874000.0000000000     
   3876000.0000000000     
   3878000.0000000000     
   3880000.0000000000     
   3882000.0000000000     
   3884000.0000000000     
   3886000.0000000000     
   3888000.0000000000     
   3890000.0000000000     
   3892000.0000000000     
   3894000.0000000000     
   3896000.0000000000     
   3898000.0000000000     
   3900000.0000000000     
   3902000.0000000000     
   3904000.0000000000     
   3906000.0000000000     
   3908000.0000000000     
   3910000.0000000000     
   3912000.0000000000     
   3914000.0000000000     
   3916000.0000000000     
   3918000.0000000000     
   3920000.0000000000     
   3922000.0000000000     
   3924000.0000000000     
   3926000.0000000000     
   3928000.0000000000     
   3930000.0000000000     
   3932000.0000000000     
   3934000.0000000000     
   3936000.0000000000     
   3938000.0000000000     
   3940000.0000000000     
   3942000.0000000000     
   3944000.0000000000     
   3946000.0000000000     
   3948000.0000000000     
   3950000.0000000000     
   3952000.0000000000     
   3954000.0000000000     
   3956000.0000000000     
   3958000.0000000000     
   3960000.0000000000     
   3962000.0000000000     
   3964000.0000000000     
   3966000.0000000000     
   3968000.0000000000     
   3970000.0000000000     
   3972000.0000000000     
   3974000.0000000000     
   3976000.0000000000     
   3978000.0000000000     
   3980000.0000000000     
   3982000.0000000000     
   3984000.0000000000     
   3986000.0000000000     
   3988000.0000000000     
   3990000.0000000000     
   3992000.0000000000     
   3994000.0000000000     
   3996000.0000000000     
   3998000.0000000000     
   4000000.0000000000     
