   0.0000000000000000     
   1999.9999999984711     
   3999.9999999966522     
   6000.0000000381251     
   8000.0000000817809     
   10000.000000125436     
   12000.000000169091     
   14000.000000212747     
   16000.000000256403     
   18000.000000300057     
   20000.000000343713     
   22000.000000387368     
   24000.000000431024     
   26000.000000474680     
   28000.000000518336     
   30000.000000561991     
   32000.000000605647     
   34000.000000425200     
   36000.000000105058     
   37999.999999784915     
   39999.999999464773     
   41999.999999144631     
   43999.999998824489     
   45999.999998504347     
   47999.999998184205     
   49999.999997864063     
   51999.999997543920     
   53999.999997223778     
   55999.999996903636     
   57999.999996583494     
   59999.999996263352     
   61999.999995943210     
   63999.999995623068     
   65999.999995471720     
   67999.999995879174     
   69999.999996286628     
   71999.999996694081     
   73999.999997101535     
   75999.999997508989     
   77999.999997916442     
   79999.999998323896     
   81999.999998731349     
   83999.999999138803     
   85999.999999546257     
   87999.999999953710     
   90000.000000361164     
   92000.000000768618     
   94000.000001176071     
   96000.000001583525     
   98000.000001990978     
   100000.00000239843     
   102000.00000280589     
   104000.00000321334     
   106000.00000362079     
   108000.00000402825     
   110000.00000443570     
   112000.00000484315     
   114000.00000525061     
   116000.00000565806     
   118000.00000606551     
   120000.00000647297     
   122000.00000688042     
   124000.00000728788     
   126000.00000769533     
   128000.00000810278     
   130000.00000851024     
   132000.00000824247     
   134000.00000719473     
   136000.00000614699     
   138000.00000509925     
   140000.00000405152     
   142000.00000300378     
   144000.00000195604     
   146000.00000090830     
   147999.99999986056     
   149999.99999881283     
   151999.99999776509     
   153999.99999671735     
   155999.99999566961     
   157999.99999462187     
   159999.99999357414     
   161999.99999252640     
   163999.99999147866     
   165999.99999043092     
   167999.99998938318     
   169999.99998833545     
   171999.99998728771     
   173999.99998623997     
   175999.99998519223     
   177999.99998414450     
   179999.99998309676     
   181999.99998204902     
   183999.99998100128     
   185999.99997995354     
   187999.99997890581     
   189999.99997785807     
   191999.99997681033     
   193999.99997576259     
   195999.99997471485     
   197999.99997366712     
   199999.99997261938     
   201999.99997157164     
   203999.99997052390     
   205999.99996947616     
   207999.99996842843     
   209999.99996738069     
   211999.99996633295     
   213999.99996528521     
   215999.99996423748     
   217999.99996318974     
   219999.99996214200     
   221999.99996109426     
   223999.99996004652     
   225999.99995899879     
   227999.99995795105     
   229999.99995690331     
   231999.99995585557     
   233999.99995480783     
   235999.99995376010     
   237999.99995271236     
   239999.99995166462     
   241999.99995061688     
   243999.99994956914     
   245999.99994852141     
   247999.99994747367     
   249999.99994642593     
   251999.99994537819     
   253999.99994433046     
   255999.99994328272     
   257999.99994223498     
   259999.99994118724     
   261999.99994013950     
   263999.99994179257     
   265999.99994365522     
   267999.99994551786     
   269999.99994738051     
   271999.99994924315     
   273999.99995110580     
   275999.99995296844     
   277999.99995483109     
   279999.99995669373     
   281999.99995855638     
   283999.99996041902     
   285999.99996228167     
   287999.99996414431     
   289999.99996600696     
   291999.99996786960     
   293999.99996973225     
   295999.99997159489     
   297999.99997345754     
   299999.99997532018     
   301999.99997718283     
   303999.99997904547     
   305999.99998090812     
   307999.99998277077     
   309999.99998463341     
   311999.99998649606     
   313999.99998835870     
   315999.99999022135     
   317999.99999208399     
   319999.99999394664     
   321999.99999580928     
   323999.99999767193     
   325999.99999953457     
   328000.00000139722     
   330000.00000325986     
   332000.00000512251     
   334000.00000698515     
   336000.00000884780     
   338000.00001071044     
   340000.00001257309     
   342000.00001443573     
   344000.00001629838     
   346000.00001816102     
   348000.00002002367     
   350000.00002188631     
   352000.00002374896     
   354000.00002561160     
   356000.00002747425     
   358000.00002933689     
   360000.00003119954     
   362000.00003306218     
   364000.00003492483     
   366000.00003678747     
   368000.00003865012     
   370000.00004051276     
   372000.00004237541     
   374000.00004423806     
   376000.00004610070     
   378000.00004796335     
   380000.00004982599     
   382000.00005168864     
   384000.00005355128     
   386000.00005541393     
   388000.00005727657     
   390000.00005913922     
   392000.00006100186     
   394000.00006286451     
   396000.00006472715     
   398000.00006658980     
   400000.00006845244     
   402000.00007031509     
   404000.00007217773     
   406000.00007404038     
   408000.00007590302     
   410000.00007776567     
   412000.00007962831     
   414000.00008149096     
   416000.00008335360     
   418000.00008521625     
   420000.00008707889     
   422000.00008894154     
   424000.00009080418     
   426000.00009266683     
   428000.00009452947     
   430000.00009639212     
   432000.00009825476     
   434000.00010011741     
   436000.00010198005     
   438000.00010384270     
   440000.00010570535     
   442000.00010756799     
   444000.00010943064     
   446000.00011129328     
   448000.00011315593     
   450000.00011501857     
   452000.00011688122     
   454000.00011874386     
   456000.00012060651     
   458000.00012246915     
   460000.00012433180     
   462000.00012619444     
   464000.00012805709     
   466000.00012991973     
   468000.00013178238     
   470000.00013364502     
   472000.00013550767     
   474000.00013737031     
   476000.00013923296     
   478000.00014109560     
   480000.00014295825     
   482000.00014482089     
   484000.00014668354     
   486000.00014854618     
   488000.00015040883     
   490000.00015227147     
   492000.00015413412     
   494000.00015599676     
   496000.00015785941     
   498000.00015972205     
   500000.00016158470     
   502000.00016344734     
   504000.00016530999     
   506000.00016717263     
   508000.00016903528     
   510000.00017089793     
   512000.00017276057     
   514000.00017462322     
   516000.00017648586     
   518000.00017834851     
   520000.00018021115     
   522000.00018207380     
   524000.00018393644     
   526000.00018579909     
   528000.00018766173     
   530000.00018952438     
   532000.00019138702     
   534000.00019324967     
   536000.00019511231     
   538000.00019697496     
   540000.00019883760     
   542000.00020070025     
   544000.00020256289     
   546000.00020442554     
   548000.00020628818     
   550000.00020815083     
   552000.00021001347     
   554000.00021187612     
   556000.00021373876     
   558000.00021560141     
   560000.00021746405     
   562000.00021932670     
   564000.00022118934     
   566000.00022305199     
   568000.00022491463     
   570000.00022677728     
   572000.00022863992     
   574000.00023050257     
   576000.00023236522     
   578000.00023422786     
   580000.00023609051     
   582000.00023795315     
   584000.00023981580     
   586000.00024167844     
   588000.00024354109     
   590000.00024540373     
   592000.00024726638     
   594000.00024912902     
   596000.00025099167     
   598000.00025285431     
   600000.00025471696     
   602000.00025657960     
   604000.00025844225     
   606000.00026030489     
   608000.00026216754     
   610000.00026403018     
   612000.00026589283     
   614000.00026775547     
   616000.00026961812     
   618000.00027148076     
   620000.00027334341     
   622000.00027520605     
   624000.00027706870     
   626000.00027893134     
   628000.00028079399     
   630000.00028265663     
   632000.00028451928     
   634000.00028638192     
   636000.00028824457     
   638000.00029010721     
   640000.00029196986     
   642000.00029383251     
   644000.00029569515     
   646000.00029755780     
   648000.00029942044     
   650000.00030128309     
   652000.00030314573     
   654000.00030500838     
   656000.00030687102     
   658000.00030873367     
   660000.00031059631     
   662000.00031245896     
   664000.00031432160     
   666000.00031618425     
   668000.00031804689     
   670000.00031990954     
   672000.00032177218     
   674000.00032363483     
   676000.00032549747     
   678000.00032736012     
   680000.00032922276     
   682000.00033108541     
   684000.00033294805     
   686000.00033481070     
   688000.00033667334     
   690000.00033853599     
   692000.00034039863     
   694000.00034226128     
   696000.00034412392     
   698000.00034598657     
   700000.00034784921     
   702000.00034971186     
   704000.00035157450     
   706000.00035343715     
   708000.00035529980     
   710000.00035716244     
   712000.00035902509     
   714000.00036088773     
   716000.00036275038     
   718000.00036461302     
   720000.00036647567     
   722000.00036833831     
   724000.00037020096     
   726000.00037206360     
   728000.00037392625     
   730000.00037578889     
   732000.00037765154     
   734000.00037951418     
   736000.00038137683     
   738000.00038323947     
   740000.00038510212     
   742000.00038696476     
   744000.00038882741     
   746000.00039069005     
   748000.00039255270     
   750000.00039441534     
   752000.00039627799     
   754000.00039814063     
   756000.00040000328     
   758000.00040186592     
   760000.00040372857     
   762000.00040559121     
   764000.00040745386     
   766000.00040931650     
   768000.00041117915     
   770000.00041304179     
   772000.00041490444     
   774000.00041676708     
   776000.00041862973     
   778000.00042049238     
   780000.00042235502     
   782000.00042421767     
   784000.00042608031     
   786000.00042794296     
   788000.00042980560     
   790000.00043166825     
   792000.00043353089     
   794000.00043539354     
   796000.00043725618     
   798000.00043911883     
   800000.00044098147     
   802000.00044284412     
   804000.00044470676     
   806000.00044656941     
   808000.00044843205     
   810000.00045029470     
   812000.00045215734     
   814000.00045401999     
   816000.00045588263     
   818000.00045774528     
   820000.00045960792     
   822000.00046147057     
   824000.00046333321     
   826000.00046519586     
   828000.00046705850     
   830000.00046892115     
   832000.00047078379     
   834000.00047264644     
   836000.00047450908     
   838000.00047637173     
   840000.00047823437     
   842000.00048009702     
   844000.00048195967     
   846000.00048382231     
   848000.00048568496     
   850000.00048754760     
   852000.00048941025     
   854000.00049127289     
   856000.00049313554     
   858000.00049499818     
   860000.00049686083     
   862000.00049872347     
   864000.00050058612     
   866000.00050244876     
   868000.00050431141     
   870000.00050617405     
   872000.00050803670     
   874000.00050989934     
   876000.00051176199     
   878000.00051362463     
   880000.00051548728     
   882000.00051734992     
   884000.00051921257     
   886000.00052107521     
   888000.00052293786     
   890000.00052480050     
   892000.00052666315     
   894000.00052852579     
   896000.00053038844     
   898000.00053225108     
   900000.00053411373     
   902000.00053597637     
   904000.00053783902     
   906000.00053970166     
   908000.00054156431     
   910000.00054342696     
   912000.00054528960     
   914000.00054715225     
   916000.00054901489     
   918000.00055087754     
   920000.00055274018     
   922000.00055460283     
   924000.00055646547     
   926000.00055832812     
   928000.00056019076     
   930000.00056205341     
   932000.00056391605     
   934000.00056577870     
   936000.00056764134     
   938000.00056950399     
   940000.00057136663     
   942000.00057322928     
   944000.00057509192     
   946000.00057695457     
   948000.00057881721     
   950000.00058067986     
   952000.00058254250     
   954000.00058440515     
   956000.00058626779     
   958000.00058813044     
   960000.00058999308     
   962000.00059185573     
   964000.00059371837     
   966000.00059558102     
   968000.00059744366     
   970000.00059930631     
   972000.00060116895     
   974000.00060303160     
   976000.00060489425     
   978000.00060675689     
   980000.00060861954     
   982000.00061048218     
   984000.00061234483     
   986000.00061420747     
   988000.00061607012     
   990000.00061793276     
   992000.00061979541     
   994000.00062165805     
   996000.00062352070     
   998000.00062538334     
   1000000.0006272460     
   1002000.0006291086     
   1004000.0006309713     
   1006000.0006328339     
   1008000.0006346966     
   1010000.0006365592     
   1012000.0006384219     
   1014000.0006402845     
   1016000.0006421471     
   1018000.0006440098     
   1020000.0006458724     
   1022000.0006477351     
   1024000.0006495977     
   1026000.0006514604     
   1028000.0006533230     
   1030000.0006551857     
   1032000.0006570483     
   1034000.0006589110     
   1036000.0006607736     
   1038000.0006626362     
   1040000.0006644989     
   1042000.0006663615     
   1044000.0006682242     
   1046000.0006700868     
   1048000.0006719495     
   1050000.0006738121     
   1052000.0006756748     
   1054000.0006775374     
   1056000.0006794001     
   1058000.0006812627     
   1060000.0006831253     
   1062000.0006849880     
   1064000.0006868506     
   1066000.0006887133     
   1068000.0006905759     
   1070000.0006924386     
   1072000.0006943012     
   1074000.0006961639     
   1076000.0006980265     
   1078000.0006998891     
   1080000.0007017518     
   1082000.0007036144     
   1084000.0007054771     
   1086000.0007073397     
   1088000.0007092024     
   1090000.0007110650     
   1092000.0007129277     
   1094000.0007147903     
   1096000.0007166530     
   1098000.0007185156     
   1100000.0007203782     
   1102000.0007222409     
   1104000.0007241035     
   1106000.0007259662     
   1108000.0007278288     
   1110000.0007296915     
   1112000.0007315541     
   1114000.0007334168     
   1116000.0007352794     
   1118000.0007371421     
   1120000.0007390047     
   1122000.0007408673     
   1124000.0007427300     
   1126000.0007445926     
   1128000.0007464553     
   1130000.0007483179     
   1132000.0007501806     
   1134000.0007520432     
   1136000.0007539059     
   1138000.0007557685     
   1140000.0007576311     
   1142000.0007594938     
   1144000.0007613564     
   1146000.0007632191     
   1148000.0007650817     
   1150000.0007669444     
   1152000.0007688070     
   1154000.0007706697     
   1156000.0007725323     
   1158000.0007743950     
   1160000.0007762576     
   1162000.0007781202     
   1164000.0007799829     
   1166000.0007818455     
   1168000.0007837082     
   1170000.0007855708     
   1172000.0007874335     
   1174000.0007892961     
   1176000.0007911588     
   1178000.0007930214     
   1180000.0007948841     
   1182000.0007967467     
   1184000.0007986093     
   1186000.0008004720     
   1188000.0008023346     
   1190000.0008041973     
   1192000.0008060599     
   1194000.0008079226     
   1196000.0008097852     
   1198000.0008116479     
   1200000.0008135105     
   1202000.0008153731     
   1204000.0008172358     
   1206000.0008190984     
   1208000.0008209611     
   1210000.0008228237     
   1212000.0008246864     
   1214000.0008265490     
   1216000.0008284117     
   1218000.0008302743     
   1220000.0008321370     
   1222000.0008339996     
   1224000.0008358622     
   1226000.0008377249     
   1228000.0008395875     
   1230000.0008414502     
   1232000.0008433128     
   1234000.0008451755     
   1236000.0008470381     
   1238000.0008489008     
   1240000.0008507634     
   1242000.0008526260     
   1244000.0008544887     
   1246000.0008563513     
   1248000.0008582140     
   1250000.0008600766     
   1252000.0008619393     
   1254000.0008638019     
   1256000.0008656646     
   1258000.0008675272     
   1260000.0008693899     
   1262000.0008712525     
   1264000.0008731151     
   1266000.0008749778     
   1268000.0008768404     
   1270000.0008787031     
   1272000.0008805657     
   1274000.0008824284     
   1276000.0008842910     
   1278000.0008861537     
   1280000.0008880163     
   1282000.0008898790     
   1284000.0008917416     
   1286000.0008936042     
   1288000.0008954669     
   1290000.0008973295     
   1292000.0008991922     
   1294000.0009010548     
   1296000.0009029175     
   1298000.0009047801     
   1300000.0009066428     
   1302000.0009085054     
   1304000.0009103680     
   1306000.0009122307     
   1308000.0009140933     
   1310000.0009159560     
   1312000.0009178186     
   1314000.0009196813     
   1316000.0009215439     
   1318000.0009234066     
   1320000.0009252692     
   1322000.0009271319     
   1324000.0009289945     
   1326000.0009308571     
   1328000.0009327198     
   1330000.0009345824     
   1332000.0009364451     
   1334000.0009383077     
   1336000.0009401704     
   1338000.0009420330     
   1340000.0009438957     
   1342000.0009457583     
   1344000.0009476210     
   1346000.0009494836     
   1348000.0009513462     
   1350000.0009532089     
   1352000.0009550715     
   1354000.0009569342     
   1356000.0009587968     
   1358000.0009606595     
   1360000.0009625221     
   1362000.0009643848     
   1364000.0009662474     
   1366000.0009681100     
   1368000.0009699727     
   1370000.0009718353     
   1372000.0009736980     
   1374000.0009755606     
   1376000.0009774233     
   1378000.0009792859     
   1380000.0009811486     
   1382000.0009830112     
   1384000.0009848739     
   1386000.0009867365     
   1388000.0009885991     
   1390000.0009904618     
   1392000.0009923244     
   1394000.0009941871     
   1396000.0009960497     
   1398000.0009979124     
   1400000.0009997750     
   1402000.0010016377     
   1404000.0010035003     
   1406000.0010053630     
   1408000.0010072256     
   1410000.0010090882     
   1412000.0010109509     
   1414000.0010128135     
   1416000.0010146762     
   1418000.0010165388     
   1420000.0010184015     
   1422000.0010202641     
   1424000.0010221268     
   1426000.0010239894     
   1428000.0010258520     
   1430000.0010277147     
   1432000.0010295773     
   1434000.0010314400     
   1436000.0010333026     
   1438000.0010351653     
   1440000.0010370279     
   1442000.0010388906     
   1444000.0010407532     
   1446000.0010426159     
   1448000.0010444785     
   1450000.0010463411     
   1452000.0010482038     
   1454000.0010500664     
   1456000.0010519291     
   1458000.0010537917     
   1460000.0010556544     
   1462000.0010575170     
   1464000.0010593797     
   1466000.0010612423     
   1468000.0010631050     
   1470000.0010649676     
   1472000.0010668302     
   1474000.0010686929     
   1476000.0010705555     
   1478000.0010724182     
   1480000.0010742808     
   1482000.0010761435     
   1484000.0010780061     
   1486000.0010798688     
   1488000.0010817314     
   1490000.0010835940     
   1492000.0010854567     
   1494000.0010873193     
   1496000.0010891820     
   1498000.0010910446     
   1500000.0010929073     
   1502000.0010947699     
   1504000.0010966326     
   1506000.0010984952     
   1508000.0011003579     
   1510000.0011022205     
   1512000.0011040831     
   1514000.0011059458     
   1516000.0011078084     
   1518000.0011096711     
   1520000.0011115337     
   1522000.0011133964     
   1524000.0011152590     
   1526000.0011171217     
   1528000.0011189843     
   1530000.0011208470     
   1532000.0011227096     
   1534000.0011245722     
   1536000.0011264349     
   1538000.0011282975     
   1540000.0011301602     
   1542000.0011320228     
   1544000.0011338855     
   1546000.0011357481     
   1548000.0011376108     
   1550000.0011394734     
   1552000.0011413360     
   1554000.0011431987     
   1556000.0011450613     
   1558000.0011469240     
   1560000.0011487866     
   1562000.0011506493     
   1564000.0011525119     
   1566000.0011543746     
   1568000.0011562372     
   1570000.0011580999     
   1572000.0011599625     
   1574000.0011618251     
   1576000.0011636878     
   1578000.0011655504     
   1580000.0011674131     
   1582000.0011692757     
   1584000.0011711384     
   1586000.0011730010     
   1588000.0011748637     
   1590000.0011767263     
   1592000.0011785890     
   1594000.0011804516     
   1596000.0011823142     
   1598000.0011841769     
   1600000.0011860395     
   1602000.0011879022     
   1604000.0011897648     
   1606000.0011916275     
   1608000.0011934901     
   1610000.0011953528     
   1612000.0011972154     
   1614000.0011990780     
   1616000.0012009407     
   1618000.0012028033     
   1620000.0012046660     
   1622000.0012065286     
   1624000.0012083913     
   1626000.0012102539     
   1628000.0012121166     
   1630000.0012139792     
   1632000.0012158419     
   1634000.0012177045     
   1636000.0012195671     
   1638000.0012214298     
   1640000.0012232924     
   1642000.0012251551     
   1644000.0012270177     
   1646000.0012288804     
   1648000.0012307430     
   1650000.0012326057     
   1652000.0012344683     
   1654000.0012363310     
   1656000.0012381936     
   1658000.0012400562     
   1660000.0012419189     
   1662000.0012437815     
   1664000.0012456442     
   1666000.0012475068     
   1668000.0012493695     
   1670000.0012512321     
   1672000.0012530948     
   1674000.0012549574     
   1676000.0012568200     
   1678000.0012586827     
   1680000.0012605453     
   1682000.0012624080     
   1684000.0012642706     
   1686000.0012661333     
   1688000.0012679959     
   1690000.0012698586     
   1692000.0012717212     
   1694000.0012735839     
   1696000.0012754465     
   1698000.0012773091     
   1700000.0012791718     
   1702000.0012810344     
   1704000.0012828971     
   1706000.0012847597     
   1708000.0012866224     
   1710000.0012884850     
   1712000.0012903477     
   1714000.0012922103     
   1716000.0012940730     
   1718000.0012959356     
   1720000.0012977982     
   1722000.0012996609     
   1724000.0013015235     
   1726000.0013033862     
   1728000.0013052488     
   1730000.0013071115     
   1732000.0013089741     
   1734000.0013108368     
   1736000.0013126994     
   1738000.0013145620     
   1740000.0013164247     
   1742000.0013182873     
   1744000.0013201500     
   1746000.0013220126     
   1748000.0013238753     
   1750000.0013257379     
   1752000.0013276006     
   1754000.0013294632     
   1756000.0013313259     
   1758000.0013331885     
   1760000.0013350511     
   1762000.0013369138     
   1764000.0013387764     
   1766000.0013406391     
   1768000.0013425017     
   1770000.0013443644     
   1772000.0013462270     
   1774000.0013480897     
   1776000.0013499523     
   1778000.0013518149     
   1780000.0013536776     
   1782000.0013555402     
   1784000.0013574029     
   1786000.0013592655     
   1788000.0013611282     
   1790000.0013629908     
   1792000.0013648535     
   1794000.0013667161     
   1796000.0013685788     
   1798000.0013704414     
   1800000.0013723040     
   1802000.0013741667     
   1804000.0013760293     
   1806000.0013778920     
   1808000.0013797546     
   1810000.0013816173     
   1812000.0013834799     
   1814000.0013853426     
   1816000.0013872052     
   1818000.0013890679     
   1820000.0013909305     
   1822000.0013927931     
   1824000.0013946558     
   1826000.0013965184     
   1828000.0013983811     
   1830000.0014002437     
   1832000.0014021064     
   1834000.0014039690     
   1836000.0014058317     
   1838000.0014076943     
   1840000.0014095569     
   1842000.0014114196     
   1844000.0014132822     
   1846000.0014151449     
   1848000.0014170075     
   1850000.0014188702     
   1852000.0014207328     
   1854000.0014225955     
   1856000.0014244581     
   1858000.0014263208     
   1860000.0014281834     
   1862000.0014300460     
   1864000.0014319087     
   1866000.0014337713     
   1868000.0014356340     
   1870000.0014374966     
   1872000.0014393593     
   1874000.0014412219     
   1876000.0014430846     
   1878000.0014449472     
   1880000.0014468099     
   1882000.0014486725     
   1884000.0014505351     
   1886000.0014523978     
   1888000.0014542604     
   1890000.0014561231     
   1892000.0014579857     
   1894000.0014598484     
   1896000.0014617110     
   1898000.0014635737     
   1900000.0014654363     
   1902000.0014672989     
   1904000.0014691616     
   1906000.0014710242     
   1908000.0014728869     
   1910000.0014747495     
   1912000.0014766122     
   1914000.0014784748     
   1916000.0014803375     
   1918000.0014822001     
   1920000.0014840628     
   1922000.0014859254     
   1924000.0014877880     
   1926000.0014896507     
   1928000.0014915133     
   1930000.0014933760     
   1932000.0014952386     
   1934000.0014971013     
   1936000.0014989639     
   1938000.0015008266     
   1940000.0015026892     
   1942000.0015045519     
   1944000.0015064145     
   1946000.0015082771     
   1948000.0015101398     
   1950000.0015120024     
   1952000.0015138651     
   1954000.0015157277     
   1956000.0015175904     
   1958000.0015194530     
   1960000.0015213157     
   1962000.0015231783     
   1964000.0015250409     
   1966000.0015269036     
   1968000.0015287662     
   1970000.0015306289     
   1972000.0015324915     
   1974000.0015343542     
   1976000.0015362168     
   1978000.0015380795     
   1980000.0015399421     
   1982000.0015418048     
   1984000.0015436674     
   1986000.0015455300     
   1988000.0015473927     
   1990000.0015492553     
   1992000.0015511180     
   1994000.0015529806     
   1996000.0015548433     
   1998000.0015567059     
   2000000.0015585686     
   2002000.0015604312     
   2004000.0015622939     
   2006000.0015641565     
   2008000.0015660191     
   2010000.0015678818     
   2012000.0015697444     
   2014000.0015716071     
   2016000.0015734697     
   2018000.0015753324     
   2020000.0015771950     
   2022000.0015790577     
   2024000.0015809203     
   2026000.0015827829     
   2028000.0015846456     
   2030000.0015865082     
   2032000.0015883709     
   2034000.0015902335     
   2036000.0015920962     
   2038000.0015939588     
   2040000.0015958215     
   2042000.0015976841     
   2044000.0015995468     
   2046000.0016014094     
   2048000.0016032720     
   2050000.0016051347     
   2052000.0016069973     
   2054000.0016088600     
   2056000.0016107226     
   2058000.0016125853     
   2060000.0016144479     
   2062000.0016163106     
   2064000.0016181732     
   2066000.0016200359     
   2068000.0016218985     
   2070000.0016237611     
   2072000.0016256238     
   2074000.0016274864     
   2076000.0016293491     
   2078000.0016312117     
   2080000.0016330744     
   2082000.0016349370     
   2084000.0016367997     
   2086000.0016386623     
   2088000.0016405249     
   2090000.0016423876     
   2092000.0016442502     
   2094000.0016461129     
   2096000.0016479755     
   2098000.0016498379     
   2100000.0016517006     
   2102000.0016535632     
   2104000.0016554259     
   2106000.0016572885     
   2108000.0016591512     
   2110000.0016610138     
   2112000.0016628765     
   2114000.0016647391     
   2116000.0016666017     
   2118000.0016684644     
   2120000.0016703270     
   2122000.0016721897     
   2124000.0016740523     
   2126000.0016759150     
   2128000.0016777776     
   2130000.0016796403     
   2132000.0016815029     
   2134000.0016833656     
   2136000.0016852282     
   2138000.0016870908     
   2140000.0016889535     
   2142000.0016908161     
   2144000.0016926788     
   2146000.0016945414     
   2148000.0016964041     
   2150000.0016982667     
   2152000.0017001294     
   2154000.0017019920     
   2156000.0017038547     
   2158000.0017057173     
   2160000.0017075799     
   2162000.0017094426     
   2164000.0017113052     
   2166000.0017131679     
   2168000.0017150305     
   2170000.0017168932     
   2172000.0017187558     
   2174000.0017206185     
   2176000.0017224811     
   2178000.0017243437     
   2180000.0017262064     
   2182000.0017280690     
   2184000.0017299317     
   2186000.0017317943     
   2188000.0017336570     
   2190000.0017355196     
   2192000.0017373823     
   2194000.0017392449     
   2196000.0017411076     
   2198000.0017429702     
   2200000.0017448328     
   2202000.0017466955     
   2204000.0017485581     
   2206000.0017504208     
   2208000.0017522834     
   2210000.0017541461     
   2212000.0017560087     
   2214000.0017578714     
   2216000.0017597340     
   2218000.0017615966     
   2220000.0017634593     
   2222000.0017653219     
   2224000.0017671846     
   2226000.0017690472     
   2228000.0017709099     
   2230000.0017727725     
   2232000.0017746352     
   2234000.0017764978     
   2236000.0017783605     
   2238000.0017802231     
   2240000.0017820857     
   2242000.0017839484     
   2244000.0017858110     
   2246000.0017876737     
   2248000.0017895363     
   2250000.0017913990     
   2252000.0017932616     
   2254000.0017951243     
   2256000.0017969869     
   2258000.0017988496     
   2260000.0018007122     
   2262000.0018025748     
   2264000.0018044375     
   2266000.0018063001     
   2268000.0018081628     
   2270000.0018100254     
   2272000.0018118881     
   2274000.0018137507     
   2276000.0018156134     
   2278000.0018174760     
   2280000.0018193386     
   2282000.0018212013     
   2284000.0018230639     
   2286000.0018249266     
   2288000.0018267892     
   2290000.0018286519     
   2292000.0018305145     
   2294000.0018323772     
   2296000.0018342398     
   2298000.0018361025     
   2300000.0018379651     
   2302000.0018398277     
   2304000.0018416904     
   2306000.0018435530     
   2308000.0018454157     
   2310000.0018472783     
   2312000.0018491410     
   2314000.0018510036     
   2316000.0018528663     
   2318000.0018547289     
   2320000.0018565916     
   2322000.0018584542     
   2324000.0018603168     
   2326000.0018621795     
   2328000.0018640421     
   2330000.0018659048     
   2332000.0018677674     
   2334000.0018696301     
   2336000.0018714927     
   2338000.0018733554     
   2340000.0018752180     
   2342000.0018770806     
   2344000.0018789433     
   2346000.0018808059     
   2348000.0018826686     
   2350000.0018845312     
   2352000.0018863939     
   2354000.0018882565     
   2356000.0018901192     
   2358000.0018919818     
   2360000.0018938445     
   2362000.0018957071     
   2364000.0018975697     
   2366000.0018994324     
   2368000.0019012950     
   2370000.0019031577     
   2372000.0019050203     
   2374000.0019068830     
   2376000.0019087456     
   2378000.0019106083     
   2380000.0019124709     
   2382000.0019143336     
   2384000.0019161962     
   2386000.0019180588     
   2388000.0019199215     
   2390000.0019217841     
   2392000.0019236468     
   2394000.0019255094     
   2396000.0019273721     
   2398000.0019292347     
   2400000.0019310974     
   2402000.0019329600     
   2404000.0019348226     
   2406000.0019366853     
   2408000.0019385479     
   2410000.0019404106     
   2412000.0019422732     
   2414000.0019441359     
   2416000.0019459985     
   2418000.0019478612     
   2420000.0019497238     
   2422000.0019515865     
   2424000.0019534491     
   2426000.0019553117     
   2428000.0019571744     
   2430000.0019590370     
   2432000.0019608997     
   2434000.0019627623     
   2436000.0019646250     
   2438000.0019664876     
   2440000.0019683503     
   2442000.0019702129     
   2444000.0019720756     
   2446000.0019739382     
   2448000.0019758008     
   2450000.0019776635     
   2452000.0019795261     
   2454000.0019813888     
   2456000.0019832514     
   2458000.0019851141     
   2460000.0019869767     
   2462000.0019888394     
   2464000.0019907020     
   2466000.0019925646     
   2468000.0019944273     
   2470000.0019962899     
   2472000.0019981526     
   2474000.0020000152     
   2476000.0020018779     
   2478000.0020037405     
   2480000.0020056032     
   2482000.0020074658     
   2484000.0020093285     
   2486000.0020111911     
   2488000.0020130537     
   2490000.0020149164     
   2492000.0020167790     
   2494000.0020186417     
   2496000.0020205043     
   2498000.0020223670     
   2500000.0020242296     
   2502000.0020260923     
   2504000.0020279549     
   2506000.0020298176     
   2508000.0020316802     
   2510000.0020335428     
   2512000.0020354055     
   2514000.0020372681     
   2516000.0020391308     
   2518000.0020409934     
   2520000.0020428561     
   2522000.0020447187     
   2524000.0020465814     
   2526000.0020484440     
   2528000.0020503066     
   2530000.0020521693     
   2532000.0020540319     
   2534000.0020558946     
   2536000.0020577572     
   2538000.0020596199     
   2540000.0020614825     
   2542000.0020633452     
   2544000.0020652078     
   2546000.0020670705     
   2548000.0020689331     
   2550000.0020707957     
   2552000.0020726584     
   2554000.0020745210     
   2556000.0020763837     
   2558000.0020782463     
   2560000.0020801090     
   2562000.0020819716     
   2564000.0020838343     
   2566000.0020856969     
   2568000.0020875596     
   2570000.0020894222     
   2572000.0020912848     
   2574000.0020931475     
   2576000.0020950101     
   2578000.0020968728     
   2580000.0020987354     
   2582000.0021005981     
   2584000.0021024607     
   2586000.0021043234     
   2588000.0021061860     
   2590000.0021080486     
   2592000.0021099113     
   2594000.0021117739     
   2596000.0021136366     
   2598000.0021154992     
   2600000.0021173619     
   2602000.0021192245     
   2604000.0021210872     
   2606000.0021229498     
   2608000.0021248125     
   2610000.0021266751     
   2612000.0021285377     
   2614000.0021304004     
   2616000.0021322630     
   2618000.0021341257     
   2620000.0021359883     
   2622000.0021378510     
   2624000.0021397136     
   2626000.0021415763     
   2628000.0021434389     
   2630000.0021453016     
   2632000.0021471642     
   2634000.0021490268     
   2636000.0021508895     
   2638000.0021527521     
   2640000.0021546148     
   2642000.0021564774     
   2644000.0021583401     
   2646000.0021602027     
   2648000.0021620654     
   2650000.0021639280     
   2652000.0021657906     
   2654000.0021676533     
   2656000.0021695159     
   2658000.0021713786     
   2660000.0021732412     
   2662000.0021751039     
   2664000.0021769665     
   2666000.0021788292     
   2668000.0021806918     
   2670000.0021825545     
   2672000.0021844171     
   2674000.0021862797     
   2676000.0021881424     
   2678000.0021900050     
   2680000.0021918677     
   2682000.0021937303     
   2684000.0021955930     
   2686000.0021974556     
   2688000.0021993183     
   2690000.0022011809     
   2692000.0022030436     
   2694000.0022049062     
   2696000.0022067688     
   2698000.0022086315     
   2700000.0022104941     
   2702000.0022123568     
   2704000.0022142194     
   2706000.0022160821     
   2708000.0022179447     
   2710000.0022198074     
   2712000.0022216700     
   2714000.0022235326     
   2716000.0022253953     
   2718000.0022272579     
   2720000.0022291206     
   2722000.0022309832     
   2724000.0022328459     
   2726000.0022347085     
   2728000.0022365712     
   2730000.0022384338     
   2732000.0022402965     
   2734000.0022421591     
   2736000.0022440217     
   2738000.0022458844     
   2740000.0022477470     
   2742000.0022496097     
   2744000.0022514723     
   2746000.0022533350     
   2748000.0022551976     
   2750000.0022570603     
   2752000.0022589229     
   2754000.0022607855     
   2756000.0022626482     
   2758000.0022645108     
   2760000.0022663735     
   2762000.0022682361     
   2764000.0022700988     
   2766000.0022719614     
   2768000.0022738241     
   2770000.0022756867     
   2772000.0022775494     
   2774000.0022794120     
   2776000.0022812746     
   2778000.0022831373     
   2780000.0022849999     
   2782000.0022868626     
   2784000.0022887252     
   2786000.0022905879     
   2788000.0022924505     
   2790000.0022943132     
   2792000.0022961758     
   2794000.0022980385     
   2796000.0022999011     
   2798000.0023017637     
   2800000.0023036264     
   2802000.0023054890     
   2804000.0023073517     
   2806000.0023092143     
   2808000.0023110770     
   2810000.0023129396     
   2812000.0023148023     
   2814000.0023166649     
   2816000.0023185275     
   2818000.0023203902     
   2820000.0023222528     
   2822000.0023241155     
   2824000.0023259781     
   2826000.0023278408     
   2828000.0023297034     
   2830000.0023315661     
   2832000.0023334287     
   2834000.0023352914     
   2836000.0023371540     
   2838000.0023390166     
   2840000.0023408793     
   2842000.0023427419     
   2844000.0023446046     
   2846000.0023464672     
   2848000.0023483299     
   2850000.0023501925     
   2852000.0023520552     
   2854000.0023539178     
   2856000.0023557805     
   2858000.0023576431     
   2860000.0023595057     
   2862000.0023613684     
   2864000.0023632310     
   2866000.0023650937     
   2868000.0023669563     
   2870000.0023688190     
   2872000.0023706816     
   2874000.0023725443     
   2876000.0023744069     
   2878000.0023762695     
   2880000.0023781322     
   2882000.0023799948     
   2884000.0023818575     
   2886000.0023837201     
   2888000.0023855828     
   2890000.0023874454     
   2892000.0023893081     
   2894000.0023911707     
   2896000.0023930334     
   2898000.0023948960     
   2900000.0023967586     
   2902000.0023986213     
   2904000.0024004839     
   2906000.0024023466     
   2908000.0024042092     
   2910000.0024060719     
   2912000.0024079345     
   2914000.0024097972     
   2916000.0024116598     
   2918000.0024135225     
   2920000.0024153851     
   2922000.0024172477     
   2924000.0024191104     
   2926000.0024209730     
   2928000.0024228357     
   2930000.0024246983     
   2932000.0024265610     
   2934000.0024284236     
   2936000.0024302863     
   2938000.0024321489     
   2940000.0024340115     
   2942000.0024358742     
   2944000.0024377368     
   2946000.0024395995     
   2948000.0024414621     
   2950000.0024433248     
   2952000.0024451874     
   2954000.0024470501     
   2956000.0024489127     
   2958000.0024507754     
   2960000.0024526380     
   2962000.0024545006     
   2964000.0024563633     
   2966000.0024582259     
   2968000.0024600886     
   2970000.0024619512     
   2972000.0024638139     
   2974000.0024656765     
   2976000.0024675392     
   2978000.0024694018     
   2980000.0024712645     
   2982000.0024731271     
   2984000.0024749897     
   2986000.0024768524     
   2988000.0024787150     
   2990000.0024805777     
   2992000.0024824403     
   2994000.0024843030     
   2996000.0024861656     
   2998000.0024880283     
   3000000.0024898909     
   3002000.0024917535     
   3004000.0024936162     
   3006000.0024954788     
   3008000.0024973415     
   3010000.0024992041     
   3012000.0025010668     
   3014000.0025029294     
   3016000.0025047921     
   3018000.0025066547     
   3020000.0025085174     
   3022000.0025103800     
   3024000.0025122426     
   3026000.0025141053     
   3028000.0025159679     
   3030000.0025178306     
   3032000.0025196932     
   3034000.0025215559     
   3036000.0025234185     
   3038000.0025252812     
   3040000.0025271438     
   3042000.0025290065     
   3044000.0025308691     
   3046000.0025327317     
   3048000.0025345944     
   3050000.0025364570     
   3052000.0025383197     
   3054000.0025401823     
   3056000.0025420450     
   3058000.0025439076     
   3060000.0025457703     
   3062000.0025476329     
   3064000.0025494955     
   3066000.0025513582     
   3068000.0025532208     
   3070000.0025550835     
   3072000.0025569461     
   3074000.0025588088     
   3076000.0025606714     
   3078000.0025625341     
   3080000.0025643967     
   3082000.0025662594     
   3084000.0025681220     
   3086000.0025699846     
   3088000.0025718473     
   3090000.0025737099     
   3092000.0025755726     
   3094000.0025774352     
   3096000.0025792979     
   3098000.0025811605     
   3100000.0025830232     
   3102000.0025848858     
   3104000.0025867485     
   3106000.0025886111     
   3108000.0025904737     
   3110000.0025923364     
   3112000.0025941990     
   3114000.0025960617     
   3116000.0025979243     
   3118000.0025997870     
   3120000.0026016496     
   3122000.0026035123     
   3124000.0026053749     
   3126000.0026072375     
   3128000.0026091002     
   3130000.0026109628     
   3132000.0026128255     
   3134000.0026146881     
   3136000.0026165508     
   3138000.0026184134     
   3140000.0026202761     
   3142000.0026221387     
   3144000.0026240014     
   3146000.0026258640     
   3148000.0026277266     
   3150000.0026295893     
   3152000.0026314519     
   3154000.0026333146     
   3156000.0026351772     
   3158000.0026370399     
   3160000.0026389025     
   3162000.0026407652     
   3164000.0026426278     
   3166000.0026444905     
   3168000.0026463531     
   3170000.0026482157     
   3172000.0026500784     
   3174000.0026519410     
   3176000.0026538037     
   3178000.0026556663     
   3180000.0026575290     
   3182000.0026593916     
   3184000.0026612543     
   3186000.0026631169     
   3188000.0026649795     
   3190000.0026668422     
   3192000.0026687048     
   3194000.0026705675     
   3196000.0026724301     
   3198000.0026742928     
   3200000.0026761554     
   3202000.0026780181     
   3204000.0026798807     
   3206000.0026817434     
   3208000.0026836060     
   3210000.0026854686     
   3212000.0026873313     
   3214000.0026891939     
   3216000.0026910566     
   3218000.0026929192     
   3220000.0026947819     
   3222000.0026966445     
   3224000.0026985072     
   3226000.0027003698     
   3228000.0027022325     
   3230000.0027040951     
   3232000.0027059577     
   3234000.0027078204     
   3236000.0027096830     
   3238000.0027115457     
   3240000.0027134083     
   3242000.0027152710     
   3244000.0027171336     
   3246000.0027189963     
   3248000.0027208589     
   3250000.0027227215     
   3252000.0027245842     
   3254000.0027264468     
   3256000.0027283095     
   3258000.0027301721     
   3260000.0027320348     
   3262000.0027338974     
   3264000.0027357601     
   3266000.0027376227     
   3268000.0027394854     
   3270000.0027413480     
   3272000.0027432106     
   3274000.0027450733     
   3276000.0027469359     
   3278000.0027487986     
   3280000.0027506612     
   3282000.0027525239     
   3284000.0027543865     
   3286000.0027562492     
   3288000.0027581118     
   3290000.0027599744     
   3292000.0027618371     
   3294000.0027636997     
   3296000.0027655624     
   3298000.0027674250     
   3300000.0027692877     
   3302000.0027711503     
   3304000.0027730130     
   3306000.0027748756     
   3308000.0027767383     
   3310000.0027786009     
   3312000.0027804635     
   3314000.0027823262     
   3316000.0027841888     
   3318000.0027860515     
   3320000.0027879141     
   3322000.0027897768     
   3324000.0027916394     
   3326000.0027935021     
   3328000.0027953647     
   3330000.0027972274     
   3332000.0027990900     
   3334000.0028009526     
   3336000.0028028153     
   3338000.0028046779     
   3340000.0028065406     
   3342000.0028084032     
   3344000.0028102659     
   3346000.0028121285     
   3348000.0028139912     
   3350000.0028158538     
   3352000.0028177164     
   3354000.0028195791     
   3356000.0028214417     
   3358000.0028233044     
   3360000.0028251670     
   3362000.0028270297     
   3364000.0028288923     
   3366000.0028307550     
   3368000.0028326176     
   3370000.0028344803     
   3372000.0028363429     
   3374000.0028382055     
   3376000.0028400682     
   3378000.0028419308     
   3380000.0028437935     
   3382000.0028456561     
   3384000.0028475188     
   3386000.0028493814     
   3388000.0028512441     
   3390000.0028531067     
   3392000.0028549694     
   3394000.0028568320     
   3396000.0028586946     
   3398000.0028605573     
   3400000.0028624199     
   3402000.0028642826     
   3404000.0028661452     
   3406000.0028680079     
   3408000.0028698705     
   3410000.0028717332     
   3412000.0028735958     
   3414000.0028754584     
   3416000.0028773211     
   3418000.0028791837     
   3420000.0028810464     
   3422000.0028829090     
   3424000.0028847717     
   3426000.0028866343     
   3428000.0028884970     
   3430000.0028903596     
   3432000.0028922223     
   3434000.0028940849     
   3436000.0028959475     
   3438000.0028978102     
   3440000.0028996728     
   3442000.0029015355     
   3444000.0029033981     
   3446000.0029052608     
   3448000.0029071234     
   3450000.0029089861     
   3452000.0029108487     
   3454000.0029127114     
   3456000.0029145740     
   3458000.0029164366     
   3460000.0029182993     
   3462000.0029201619     
   3464000.0029220246     
   3466000.0029238872     
   3468000.0029257499     
   3470000.0029276125     
   3472000.0029294752     
   3474000.0029313378     
   3476000.0029332004     
   3478000.0029350631     
   3480000.0029369257     
   3482000.0029387884     
   3484000.0029406510     
   3486000.0029425137     
   3488000.0029443763     
   3490000.0029462390     
   3492000.0029481016     
   3494000.0029499643     
   3496000.0029518269     
   3498000.0029536895     
   3500000.0029555522     
   3502000.0029574148     
   3504000.0029592775     
   3506000.0029611401     
   3508000.0029630028     
   3510000.0029648654     
   3512000.0029667281     
   3514000.0029685907     
   3516000.0029704534     
   3518000.0029723160     
   3520000.0029741786     
   3522000.0029760413     
   3524000.0029779039     
   3526000.0029797666     
   3528000.0029816292     
   3530000.0029834919     
   3532000.0029853545     
   3534000.0029872172     
   3536000.0029890798     
   3538000.0029909424     
   3540000.0029928051     
   3542000.0029946677     
   3544000.0029965304     
   3546000.0029983930     
   3548000.0030002557     
   3550000.0030021183     
   3552000.0030039810     
   3554000.0030058436     
   3556000.0030077063     
   3558000.0030095689     
   3560000.0030114315     
   3562000.0030132942     
   3564000.0030151568     
   3566000.0030170195     
   3568000.0030188821     
   3570000.0030207448     
   3572000.0030226074     
   3574000.0030244701     
   3576000.0030263327     
   3578000.0030281954     
   3580000.0030300580     
   3582000.0030319206     
   3584000.0030337833     
   3586000.0030356459     
   3588000.0030375086     
   3590000.0030393712     
   3592000.0030412339     
   3594000.0030430965     
   3596000.0030449592     
   3598000.0030468218     
   3600000.0030486844     
   3602000.0030505471     
   3604000.0030524097     
   3606000.0030542724     
   3608000.0030561350     
   3610000.0030579977     
   3612000.0030598603     
   3614000.0030617230     
   3616000.0030635856     
   3618000.0030654483     
   3620000.0030673109     
   3622000.0030691735     
   3624000.0030710362     
   3626000.0030728988     
   3628000.0030747615     
   3630000.0030766241     
   3632000.0030784868     
   3634000.0030803494     
   3636000.0030822121     
   3638000.0030840747     
   3640000.0030859374     
   3642000.0030878000     
   3644000.0030896626     
   3646000.0030915253     
   3648000.0030933879     
   3650000.0030952506     
   3652000.0030971132     
   3654000.0030989759     
   3656000.0031008385     
   3658000.0031027012     
   3660000.0031045638     
   3662000.0031064264     
   3664000.0031082891     
   3666000.0031101517     
   3668000.0031120144     
   3670000.0031138770     
   3672000.0031157397     
   3674000.0031176023     
   3676000.0031194650     
   3678000.0031213276     
   3680000.0031231903     
   3682000.0031250529     
   3684000.0031269155     
   3686000.0031287782     
   3688000.0031306408     
   3690000.0031325035     
   3692000.0031343661     
   3694000.0031362288     
   3696000.0031380914     
   3698000.0031399541     
   3700000.0031418167     
   3702000.0031436794     
   3704000.0031455420     
   3706000.0031474046     
   3708000.0031492673     
   3710000.0031511299     
   3712000.0031529926     
   3714000.0031548552     
   3716000.0031567179     
   3718000.0031585805     
   3720000.0031604432     
   3722000.0031623058     
   3724000.0031641684     
   3726000.0031660311     
   3728000.0031678937     
   3730000.0031697564     
   3732000.0031716190     
   3734000.0031734817     
   3736000.0031753443     
   3738000.0031772070     
   3740000.0031790696     
   3742000.0031809323     
   3744000.0031827949     
   3746000.0031846575     
   3748000.0031865202     
   3750000.0031883828     
   3752000.0031902455     
   3754000.0031921081     
   3756000.0031939708     
   3758000.0031958334     
   3760000.0031976961     
   3762000.0031995587     
   3764000.0032014214     
   3766000.0032032840     
   3768000.0032051466     
   3770000.0032070093     
   3772000.0032088719     
   3774000.0032107346     
   3776000.0032125972     
   3778000.0032144599     
   3780000.0032163225     
   3782000.0032181852     
   3784000.0032200478     
   3786000.0032219104     
   3788000.0032237731     
   3790000.0032256357     
   3792000.0032274984     
   3794000.0032293610     
   3796000.0032312237     
   3798000.0032330863     
   3800000.0032349490     
   3802000.0032368116     
   3804000.0032386743     
   3806000.0032405369     
   3808000.0032423995     
   3810000.0032442622     
   3812000.0032461248     
   3814000.0032479875     
   3816000.0032498501     
   3818000.0032517128     
   3820000.0032535754     
   3822000.0032554381     
   3824000.0032573007     
   3826000.0032591633     
   3828000.0032610260     
   3830000.0032628886     
   3832000.0032647513     
   3834000.0032666139     
   3836000.0032684766     
   3838000.0032703392     
   3840000.0032722019     
   3842000.0032740645     
   3844000.0032759272     
   3846000.0032777898     
   3848000.0032796524     
   3850000.0032815151     
   3852000.0032833777     
   3854000.0032852404     
   3856000.0032871030     
   3858000.0032889657     
   3860000.0032908283     
   3862000.0032926910     
   3864000.0032945536     
   3866000.0032964163     
   3868000.0032982789     
   3870000.0033001415     
   3872000.0033020042     
   3874000.0033038668     
   3876000.0033057295     
   3878000.0033075921     
   3880000.0033094548     
   3882000.0033113174     
   3884000.0033131801     
   3886000.0033150427     
   3888000.0033169053     
   3890000.0033187680     
   3892000.0033206306     
   3894000.0033224933     
   3896000.0033243559     
   3898000.0033262186     
   3900000.0033280812     
   3902000.0033299439     
   3904000.0033318065     
   3906000.0033336692     
   3908000.0033355318     
   3910000.0033373944     
   3912000.0033392571     
   3914000.0033411197     
   3916000.0033429824     
   3918000.0033448450     
   3920000.0033467077     
   3922000.0033485703     
   3924000.0033504330     
   3926000.0033522956     
   3928000.0033541583     
   3930000.0033560209     
   3932000.0033578835     
   3934000.0033597462     
   3936000.0033616088     
   3938000.0033634715     
   3940000.0033653341     
   3942000.0033671968     
   3944000.0033690594     
   3946000.0033709221     
   3948000.0033727847     
   3950000.0033746473     
   3952000.0033765100     
   3954000.0033783726     
   3956000.0033802353     
   3958000.0033820979     
   3960000.0033839606     
   3962000.0033858232     
   3964000.0033876859     
   3966000.0033895485     
   3968000.0033914112     
   3970000.0033932738     
   3972000.0033951364     
   3974000.0033969991     
   3976000.0033988617     
   3978000.0034007244     
   3980000.0034025870     
   3982000.0034044497     
   3984000.0034063123     
   3986000.0034081750     
   3988000.0034100376     
   3990000.0034119003     
   3992000.0034137629     
   3994000.0034156255     
   3996000.0034174882     
   3998000.0034193508     
   4000000.0034212135     
